﻿Date,Confirmed,Recovered,Death,Total Confirmed,Total Deaths,Total Recovered,Active Cases,Death Rate,Death Change Rate,Recovery Change Rate,Confirmed Change Rate,Confirmed Rolling 3 Change Rate,New Active Cases,New Active Cases PCT Change,New Cases,New Case PCT Change,New Deaths,New Death PCT Change,New Recovered,New Recovered PCT Change,Likely Cases C86,Likely Cases 1pct,Likely Cases 1.8pct,Likely Cases 3.5pct
2020-03-02,1.0,0.0,0,1.0,0.0,0.0,1.0,0.0,0.0,0.0,0.0,0.0,,0.0,,0.0,,0.0,,0.0,1.14,0.0,0.0,0.0
2020-03-03,1.0,0.0,0,1.0,0.0,0.0,1.0,0.0,0.0,0.0,0.0,0.0,0.0,0.0,0.0,0.0,0.0,0.0,0.0,0.0,1.14,0.0,0.0,0.0
2020-03-04,1.0,0.0,0,1.0,0.0,0.0,1.0,0.0,0.0,0.0,0.0,0.0,0.0,0.0,0.0,0.0,0.0,0.0,0.0,0.0,1.14,0.0,0.0,0.0
2020-03-05,1.0,0.0,0,1.0,0.0,0.0,1.0,0.0,0.0,0.0,0.0,0.0,0.0,0.0,0.0,0.0,0.0,0.0,0.0,0.0,1.14,0.0,0.0,0.0
2020-03-06,1.0,0.0,0,1.0,0.0,0.0,1.0,0.0,0.0,0.0,0.0,0.0,0.0,0.0,0.0,0.0,0.0,0.0,0.0,0.0,1.14,0.0,0.0,0.0
2020-03-07,1.0,0.0,0,1.0,0.0,0.0,1.0,0.0,0.0,0.0,0.0,0.0,0.0,0.0,0.0,0.0,0.0,0.0,0.0,0.0,1.14,0.0,0.0,0.0
2020-03-08,2.0,0.0,0,2.0,0.0,0.0,2.0,0.0,0.0,0.0,1.0,0.3333333333333333,1.0,inf,1.0,inf,0.0,0.0,0.0,0.0,2.28,0.0,0.0,0.0
2020-03-09,6.0,0.0,0,6.0,0.0,0.0,6.0,0.0,0.0,0.0,2.0,1.0,4.0,3.0,4.0,3.0,0.0,0.0,0.0,0.0,6.84,0.0,0.0,0.0
2020-03-10,8.0,1.0,0,8.0,0.0,1.0,7.0,0.0,0.0,inf,0.333,1.111,1.0,-0.75,2.0,-0.5,0.0,0.0,1.0,inf,7.9799999999999995,0.0,0.0,0.0
2020-03-11,10.0,1.0,0,10.0,0.0,1.0,9.0,0.0,0.0,0.0,0.25,0.8610000000000001,2.0,1.0,2.0,0.0,0.0,0.0,0.0,-1.0,10.26,0.0,0.0,0.0
2020-03-12,10.0,1.0,0,10.0,0.0,1.0,9.0,0.0,0.0,0.0,0.0,0.19433333333333339,0.0,-1.0,0.0,-1.0,0.0,0.0,0.0,0.0,10.26,0.0,0.0,0.0
2020-03-13,17.0,1.0,0,17.0,0.0,1.0,16.0,0.0,0.0,0.0,0.7,0.3166666666666667,7.0,inf,7.0,inf,0.0,0.0,0.0,0.0,18.24,0.0,0.0,0.0
2020-03-14,26.0,1.0,0,26.0,0.0,1.0,25.0,0.0,0.0,0.0,0.529,0.4096666666666667,9.0,0.2857142857142858,9.0,0.2857142857142858,0.0,0.0,0.0,0.0,28.499999999999996,0.0,0.0,0.0
2020-03-15,30.0,1.0,0,30.0,0.0,1.0,29.0,0.0,0.0,0.0,0.154,0.461,4.0,-0.5555555555555556,4.0,-0.5555555555555556,0.0,0.0,0.0,0.0,33.059999999999995,0.0,0.0,0.0
2020-03-16,34.0,1.0,0,34.0,0.0,1.0,33.0,0.0,0.0,0.0,0.133,0.272,4.0,0.0,4.0,0.0,0.0,0.0,0.0,0.0,37.62,0.0,0.0,0.0
2020-03-17,49.0,1.0,0,49.0,0.0,1.0,48.0,0.0,0.0,0.0,0.441,0.2426666666666667,15.0,2.75,15.0,2.75,0.0,0.0,0.0,0.0,54.72,0.0,0.0,0.0
2020-03-18,71.0,1.0,0,71.0,0.0,1.0,70.0,0.0,0.0,0.0,0.449,0.341,22.0,0.46666666666666656,22.0,0.46666666666666656,0.0,0.0,0.0,0.0,79.8,0.0,0.0,0.0
2020-03-19,86.0,1.0,0,86.0,0.0,1.0,85.0,0.0,0.0,0.0,0.211,0.36700000000000005,15.0,-0.31818181818181823,15.0,-0.31818181818181823,0.0,0.0,0.0,0.0,96.89999999999999,0.0,0.0,0.0
2020-03-20,111.0,1.0,0,111.0,0.0,1.0,110.0,0.0,0.0,0.0,0.291,0.317,25.0,0.6666666666666667,25.0,0.6666666666666667,0.0,0.0,0.0,0.0,125.39999999999999,0.0,0.0,0.0
2020-03-21,124.0,1.0,0,124.0,0.0,1.0,123.0,0.0,0.0,0.0,0.117,0.20633333333333334,13.0,-0.48,13.0,-0.48,0.0,0.0,0.0,0.0,140.22,0.0,0.0,0.0
2020-03-22,139.0,1.0,0,139.0,0.0,1.0,138.0,0.0,0.0,0.0,0.121,0.17633333333333334,15.0,0.15384615384615374,15.0,0.15384615384615374,0.0,0.0,0.0,0.0,157.32,0.0,0.0,0.0
2020-03-23,180.0,1.0,0,180.0,0.0,1.0,179.0,0.0,0.0,0.0,0.295,0.17766666666666672,41.0,1.7333333333333334,41.0,1.7333333333333334,0.0,0.0,0.0,0.0,204.05999999999997,0.0,0.0,0.0
2020-03-24,197.0,1.0,0,197.0,0.0,1.0,196.0,0.0,0.0,0.0,0.094,0.17000000000000004,17.0,-0.5853658536585367,17.0,-0.5853658536585367,0.0,0.0,0.0,0.0,223.43999999999997,0.0,0.0,0.0
2020-03-25,221.0,0.0,0,221.0,0.0,0.0,221.0,0.0,0.0,-1.0,0.122,0.17033333333333336,25.0,0.47058823529411775,24.0,0.41176470588235303,0.0,0.0,-1.0,-inf,251.93999999999997,0.0,0.0,0.0
