﻿Date,Confirmed,Recovered,Death,Total Confirmed,Total Deaths,Total Recovered,Active Cases,Death Rate,Death Change Rate,Recovery Change Rate,Confirmed Change Rate,New Active Cases,New Active Cases PCT Change,New Cases,New Case PCT Change,New Deaths,New Death PCT Change,New Recovered,New Recovered PCT Change,Likely Cases C86,Likely Cases 1pct,Likely Cases 1.8pct,Likely Cases 3.5pct
2020-01-29,4.0,0.0,0,4.0,0.0,0.0,4.0,0.0,0.0,0.0,0.0,,0.0,,0.0,,0.0,,0.0,4.56,0.0,0.0,0.0
2020-01-30,4.0,0.0,0,4.0,0.0,0.0,4.0,0.0,0.0,0.0,0.0,0.0,0.0,0.0,0.0,0.0,0.0,0.0,0.0,4.56,0.0,0.0,0.0
2020-01-31,4.0,0.0,0,4.0,0.0,0.0,4.0,0.0,0.0,0.0,0.0,0.0,0.0,0.0,0.0,0.0,0.0,0.0,0.0,4.56,0.0,0.0,0.0
2020-02-01,4.0,0.0,0,4.0,0.0,0.0,4.0,0.0,0.0,0.0,0.0,0.0,0.0,0.0,0.0,0.0,0.0,0.0,0.0,4.56,0.0,0.0,0.0
2020-02-02,5.0,0.0,0,5.0,0.0,0.0,5.0,0.0,0.0,0.0,0.25,1.0,inf,1.0,inf,0.0,0.0,0.0,0.0,5.699999999999999,0.0,0.0,0.0
2020-02-03,5.0,0.0,0,5.0,0.0,0.0,5.0,0.0,0.0,0.0,0.0,0.0,-1.0,0.0,-1.0,0.0,0.0,0.0,0.0,5.699999999999999,0.0,0.0,0.0
2020-02-04,5.0,0.0,0,5.0,0.0,0.0,5.0,0.0,0.0,0.0,0.0,0.0,0.0,0.0,0.0,0.0,0.0,0.0,0.0,5.699999999999999,0.0,0.0,0.0
2020-02-05,5.0,0.0,0,5.0,0.0,0.0,5.0,0.0,0.0,0.0,0.0,0.0,0.0,0.0,0.0,0.0,0.0,0.0,0.0,5.699999999999999,0.0,0.0,0.0
2020-02-06,5.0,0.0,0,5.0,0.0,0.0,5.0,0.0,0.0,0.0,0.0,0.0,0.0,0.0,0.0,0.0,0.0,0.0,0.0,5.699999999999999,0.0,0.0,0.0
2020-02-07,5.0,0.0,0,5.0,0.0,0.0,5.0,0.0,0.0,0.0,0.0,0.0,0.0,0.0,0.0,0.0,0.0,0.0,0.0,5.699999999999999,0.0,0.0,0.0
2020-02-08,7.0,0.0,0,7.0,0.0,0.0,7.0,0.0,0.0,0.0,0.4,2.0,inf,2.0,inf,0.0,0.0,0.0,0.0,7.9799999999999995,0.0,0.0,0.0
2020-02-09,7.0,0.0,0,7.0,0.0,0.0,7.0,0.0,0.0,0.0,0.0,0.0,-1.0,0.0,-1.0,0.0,0.0,0.0,0.0,7.9799999999999995,0.0,0.0,0.0
2020-02-10,8.0,0.0,0,8.0,0.0,0.0,8.0,0.0,0.0,0.0,0.143,1.0,inf,1.0,inf,0.0,0.0,0.0,0.0,9.12,0.0,0.0,0.0
2020-02-11,8.0,0.0,0,8.0,0.0,0.0,8.0,0.0,0.0,0.0,0.0,0.0,-1.0,0.0,-1.0,0.0,0.0,0.0,0.0,9.12,0.0,0.0,0.0
2020-02-12,8.0,1.0,0,8.0,0.0,1.0,7.0,0.0,0.0,inf,0.0,-1.0,-inf,0.0,0.0,0.0,0.0,1.0,inf,7.9799999999999995,0.0,0.0,0.0
2020-02-13,8.0,1.0,0,8.0,0.0,1.0,7.0,0.0,0.0,0.0,0.0,0.0,-1.0,0.0,0.0,0.0,0.0,0.0,-1.0,7.9799999999999995,0.0,0.0,0.0
2020-02-14,8.0,1.0,0,8.0,0.0,1.0,7.0,0.0,0.0,0.0,0.0,0.0,0.0,0.0,0.0,0.0,0.0,0.0,0.0,7.9799999999999995,0.0,0.0,0.0
2020-02-15,8.0,3.0,0,8.0,0.0,3.0,5.0,0.0,0.0,2.0,0.0,-2.0,-inf,0.0,0.0,0.0,0.0,2.0,inf,5.699999999999999,0.0,0.0,0.0
2020-02-16,9.0,4.0,0,9.0,0.0,4.0,5.0,0.0,0.0,0.333,0.125,0.0,-1.0,1.0,inf,0.0,0.0,1.0,-0.5,5.699999999999999,0.0,0.0,0.0
2020-02-17,9.0,4.0,0,9.0,0.0,4.0,5.0,0.0,0.0,0.0,0.0,0.0,0.0,0.0,-1.0,0.0,0.0,0.0,-1.0,5.699999999999999,0.0,0.0,0.0
2020-02-18,9.0,4.0,0,9.0,0.0,4.0,5.0,0.0,0.0,0.0,0.0,0.0,0.0,0.0,0.0,0.0,0.0,0.0,0.0,5.699999999999999,0.0,0.0,0.0
2020-02-19,9.0,4.0,0,9.0,0.0,4.0,5.0,0.0,0.0,0.0,0.0,0.0,0.0,0.0,0.0,0.0,0.0,0.0,0.0,5.699999999999999,0.0,0.0,0.0
2020-02-20,9.0,4.0,0,9.0,0.0,4.0,5.0,0.0,0.0,0.0,0.0,0.0,0.0,0.0,0.0,0.0,0.0,0.0,0.0,5.699999999999999,0.0,0.0,0.0
2020-02-21,9.0,4.0,0,9.0,0.0,4.0,5.0,0.0,0.0,0.0,0.0,0.0,0.0,0.0,0.0,0.0,0.0,0.0,0.0,5.699999999999999,0.0,0.0,0.0
2020-02-22,13.0,4.0,0,13.0,0.0,4.0,9.0,0.0,0.0,0.0,0.444,4.0,inf,4.0,inf,0.0,0.0,0.0,0.0,10.26,0.0,0.0,0.0
2020-02-23,13.0,4.0,0,13.0,0.0,4.0,9.0,0.0,0.0,0.0,0.0,0.0,-1.0,0.0,-1.0,0.0,0.0,0.0,0.0,10.26,0.0,0.0,0.0
2020-02-24,13.0,4.0,0,13.0,0.0,4.0,9.0,0.0,0.0,0.0,0.0,0.0,0.0,0.0,0.0,0.0,0.0,0.0,0.0,10.26,0.0,0.0,0.0
2020-02-25,13.0,4.0,0,13.0,0.0,4.0,9.0,0.0,0.0,0.0,0.0,0.0,0.0,0.0,0.0,0.0,0.0,0.0,0.0,10.26,0.0,0.0,0.0
2020-02-26,13.0,4.0,0,13.0,0.0,4.0,9.0,0.0,0.0,0.0,0.0,0.0,0.0,0.0,0.0,0.0,0.0,0.0,0.0,10.26,0.0,0.0,0.0
2020-02-27,13.0,4.0,0,13.0,0.0,4.0,9.0,0.0,0.0,0.0,0.0,0.0,0.0,0.0,0.0,0.0,0.0,0.0,0.0,10.26,0.0,0.0,0.0
2020-02-28,19.0,5.0,0,19.0,0.0,5.0,14.0,0.0,0.0,0.25,0.462,5.0,inf,6.0,inf,0.0,0.0,1.0,inf,15.959999999999999,0.0,0.0,0.0
2020-02-29,21.0,5.0,0,21.0,0.0,5.0,16.0,0.0,0.0,0.0,0.105,2.0,-0.6,2.0,-0.6666666666666667,0.0,0.0,0.0,-1.0,18.24,0.0,0.0,0.0
2020-03-01,21.0,5.0,0,21.0,0.0,5.0,16.0,0.0,0.0,0.0,0.0,0.0,-1.0,0.0,-1.0,0.0,0.0,0.0,0.0,18.24,0.0,0.0,0.0
2020-03-02,21.0,5.0,0,21.0,0.0,5.0,16.0,0.0,0.0,0.0,0.0,0.0,0.0,0.0,0.0,0.0,0.0,0.0,0.0,18.24,0.0,0.0,0.0
2020-03-03,27.0,5.0,0,27.0,0.0,5.0,22.0,0.0,0.0,0.0,0.286,6.0,inf,6.0,inf,0.0,0.0,0.0,0.0,25.08,0.0,0.0,0.0
2020-03-04,27.0,5.0,0,27.0,0.0,5.0,22.0,0.0,0.0,0.0,0.0,0.0,-1.0,0.0,-1.0,0.0,0.0,0.0,0.0,25.08,0.0,0.0,0.0
2020-03-05,29.0,5.0,0,29.0,0.0,5.0,24.0,0.0,0.0,0.0,0.074,2.0,inf,2.0,inf,0.0,0.0,0.0,0.0,27.36,0.0,0.0,0.0
2020-03-06,29.0,5.0,0,29.0,0.0,5.0,24.0,0.0,0.0,0.0,0.0,0.0,-1.0,0.0,-1.0,0.0,0.0,0.0,0.0,27.36,0.0,0.0,0.0
2020-03-07,45.0,7.0,0,45.0,0.0,7.0,38.0,0.0,0.0,0.4,0.552,14.0,inf,16.0,inf,0.0,0.0,2.0,inf,43.31999999999999,0.0,0.0,0.0
2020-03-08,45.0,7.0,0,45.0,0.0,7.0,38.0,0.0,0.0,0.0,0.0,0.0,-1.0,0.0,-1.0,0.0,0.0,0.0,-1.0,43.31999999999999,0.0,0.0,0.0
2020-03-09,45.0,7.0,0,45.0,0.0,7.0,38.0,0.0,0.0,0.0,0.0,0.0,0.0,0.0,0.0,0.0,0.0,0.0,0.0,43.31999999999999,0.0,0.0,0.0
2020-03-10,74.0,12.0,0,74.0,0.0,12.0,62.0,0.0,0.0,0.714,0.644,24.0,inf,29.0,inf,0.0,0.0,5.0,inf,70.67999999999999,0.0,0.0,0.0
2020-03-11,74.0,17.0,0,74.0,0.0,17.0,57.0,0.0,0.0,0.417,0.0,-5.0,-1.2083333333333333,0.0,-1.0,0.0,0.0,5.0,0.0,64.97999999999999,0.0,0.0,0.0
2020-03-12,85.0,17.0,0,85.0,0.0,17.0,68.0,0.0,0.0,0.0,0.149,11.0,-3.2,11.0,inf,0.0,0.0,0.0,-1.0,77.52,0.0,0.0,0.0
2020-03-13,85.0,17.0,0,85.0,0.0,17.0,68.0,0.0,0.0,0.0,0.0,0.0,-1.0,0.0,-1.0,0.0,0.0,0.0,0.0,77.52,0.0,0.0,0.0
2020-03-14,85.0,17.0,0,85.0,0.0,17.0,68.0,0.0,0.0,0.0,0.0,0.0,0.0,0.0,0.0,0.0,0.0,0.0,0.0,77.52,0.0,0.0,0.0
2020-03-15,98.0,23.0,0,98.0,0.0,23.0,75.0,0.0,0.0,0.353,0.153,7.0,inf,13.0,inf,0.0,0.0,6.0,inf,85.49999999999999,0.0,0.0,0.0
2020-03-16,98.0,23.0,0,98.0,0.0,23.0,75.0,0.0,0.0,0.0,0.0,0.0,-1.0,0.0,-1.0,0.0,0.0,0.0,-1.0,85.49999999999999,0.0,0.0,0.0
2020-03-17,98.0,23.0,0,98.0,0.0,23.0,75.0,0.0,0.0,0.0,0.0,0.0,0.0,0.0,0.0,0.0,0.0,0.0,0.0,85.49999999999999,0.0,0.0,0.0
2020-03-18,113.0,26.0,0,113.0,0.0,26.0,87.0,0.0,0.0,0.13,0.153,12.0,inf,15.0,inf,0.0,0.0,3.0,inf,99.17999999999999,0.0,0.0,0.0
2020-03-19,140.0,31.0,0,140.0,0.0,31.0,109.0,0.0,0.0,0.192,0.239,22.0,0.8333333333333333,27.0,0.8,0.0,0.0,5.0,0.6666666666666667,124.25999999999999,0.0,0.0,0.0
