﻿Date,Confirmed,Death,Recovered,Total Confirmed,Total Deaths,Total Recovered,Active Cases,Death Rate,Death Change Rate,Recovery Change Rate,Confirmed Change Rate,Confirmed Rolling 3 Change Rate,New Active Cases,New Active Cases PCT Change,New Cases,New Case PCT Change,New Deaths,New Death PCT Change,New Recovered,New Recovered PCT Change,Likely Cases C86,Likely Cases 1pct,Likely Cases 1.8pct,Likely Cases 3.5pct
2020-03-02,1.0,0.0,0.0,1.0,0.0,0.0,1.0,0.0,0.0,0.0,0.0,0.0,,0.0,,0.0,,0.0,,0.0,1.14,0.0,0.0,0.0
2020-03-03,1.0,0.0,0.0,1.0,0.0,0.0,1.0,0.0,0.0,0.0,0.0,0.0,0.0,0.0,0.0,0.0,0.0,0.0,0.0,0.0,1.14,0.0,0.0,0.0
2020-03-04,1.0,0.0,0.0,1.0,0.0,0.0,1.0,0.0,0.0,0.0,0.0,0.0,0.0,0.0,0.0,0.0,0.0,0.0,0.0,0.0,1.14,0.0,0.0,0.0
2020-03-05,5.0,0.0,0.0,5.0,0.0,0.0,5.0,0.0,0.0,0.0,4.0,1.3333333333333333,4.0,inf,4.0,inf,0.0,0.0,0.0,0.0,5.699999999999999,0.0,0.0,0.0
2020-03-06,5.0,0.0,0.0,5.0,0.0,0.0,5.0,0.0,0.0,0.0,0.0,1.3333333333333333,0.0,-1.0,0.0,-1.0,0.0,0.0,0.0,0.0,5.699999999999999,0.0,0.0,0.0
2020-03-07,5.0,0.0,0.0,5.0,0.0,0.0,5.0,0.0,0.0,0.0,0.0,1.3333333333333333,0.0,0.0,0.0,0.0,0.0,0.0,0.0,0.0,5.699999999999999,0.0,0.0,0.0
2020-03-08,11.0,0.0,0.0,11.0,0.0,0.0,11.0,0.0,0.0,0.0,1.2,0.4000000000000001,6.0,inf,6.0,inf,0.0,0.0,0.0,0.0,12.54,0.0,0.0,0.0
2020-03-09,15.0,0.0,0.0,15.0,0.0,0.0,15.0,0.0,0.0,0.0,0.364,0.5213333333333333,4.0,-0.33333333333333337,4.0,-0.33333333333333337,0.0,0.0,0.0,0.0,17.099999999999998,0.0,0.0,0.0
2020-03-10,20.0,0.0,1.0,20.0,0.0,1.0,19.0,0.0,0.0,inf,0.333,0.6323333333333333,4.0,0.0,5.0,0.25,0.0,0.0,1.0,inf,21.659999999999997,0.0,0.0,0.0
2020-03-11,21.0,0.0,1.0,21.0,0.0,1.0,20.0,0.0,0.0,0.0,0.05,0.24900000000000003,1.0,-0.75,1.0,-0.8,0.0,0.0,0.0,-1.0,22.799999999999997,0.0,0.0,0.0
2020-03-12,45.0,0.0,1.0,45.0,0.0,1.0,44.0,0.0,0.0,0.0,1.143,0.5086666666666667,24.0,23.0,24.0,23.0,0.0,0.0,0.0,0.0,50.16,0.0,0.0,0.0
2020-03-13,86.0,0.0,1.0,86.0,0.0,1.0,85.0,0.0,0.0,0.0,0.911,0.7013333333333334,41.0,0.7083333333333333,41.0,0.7083333333333333,0.0,0.0,0.0,0.0,96.89999999999999,0.0,0.0,0.0
2020-03-14,103.0,0.0,1.0,103.0,0.0,1.0,102.0,0.0,0.0,0.0,0.198,0.7506666666666667,17.0,-0.5853658536585367,17.0,-0.5853658536585367,0.0,0.0,0.0,0.0,116.27999999999999,0.0,0.0,0.0
2020-03-15,103.0,0.0,1.0,103.0,0.0,1.0,102.0,0.0,0.0,0.0,0.0,0.36966666666666675,0.0,-1.0,0.0,-1.0,0.0,0.0,0.0,0.0,116.27999999999999,0.0,0.0,0.0
2020-03-16,118.0,0.0,2.0,118.0,0.0,2.0,116.0,0.0,0.0,1.0,0.146,0.1146666666666667,14.0,inf,15.0,inf,0.0,0.0,1.0,inf,132.23999999999998,0.0,0.0,0.0
2020-03-17,171.0,0.0,6.0,171.0,0.0,6.0,165.0,0.0,0.0,2.0,0.449,0.1983333333333334,49.0,2.5,53.0,2.533333333333333,0.0,0.0,4.0,3.0,188.1,0.0,0.0,0.0
2020-03-18,171.0,0.0,6.0,171.0,0.0,6.0,165.0,0.0,0.0,0.0,0.0,0.1983333333333334,0.0,-1.0,0.0,-1.0,0.0,0.0,0.0,-1.0,188.1,0.0,0.0,0.0
2020-03-19,274.0,0.0,6.0,274.0,0.0,6.0,268.0,0.0,0.0,0.0,0.602,0.3503333333333334,103.0,inf,103.0,inf,0.0,0.0,0.0,0.0,305.52,0.0,0.0,0.0
2020-03-20,344.0,0.0,8.0,344.0,0.0,8.0,336.0,0.0,0.0,0.333,0.255,0.2856666666666667,68.0,-0.3398058252427184,70.0,-0.3203883495145631,0.0,0.0,2.0,inf,383.03999999999996,0.0,0.0,0.0
2020-03-21,392.0,0.0,16.0,392.0,0.0,16.0,376.0,0.0,0.0,1.0,0.14,0.3323333333333333,40.0,-0.4117647058823529,48.0,-0.3142857142857143,0.0,0.0,8.0,3.0,428.64,0.0,0.0,0.0
2020-03-22,511.0,0.0,16.0,511.0,0.0,16.0,495.0,0.0,0.0,0.0,0.304,0.23299999999999998,119.0,1.975,119.0,1.4791666666666665,0.0,0.0,0.0,-1.0,564.3,0.0,0.0,0.0
2020-03-23,562.0,0.0,16.0,562.0,0.0,16.0,546.0,0.0,0.0,0.0,0.1,0.18133333333333332,51.0,-0.5714285714285714,51.0,-0.5714285714285714,0.0,0.0,0.0,0.0,622.4399999999999,0.0,0.0,0.0
2020-03-24,767.0,1.0,28.0,767.0,1.0,28.0,738.0,0.001,inf,0.75,0.365,0.2563333333333333,192.0,2.764705882352941,205.0,3.019607843137255,1.0,inf,12.0,inf,841.3199999999999,100.0,180.0,350.0
2020-03-25,900.0,2.0,0.0,900.0,2.0,0.0,898.0,0.002,1.0,-1.0,0.173,0.21266666666666664,160.0,-0.16666666666666663,133.0,-0.35121951219512193,1.0,0.0,-28.0,-3.3333333333333335,1023.7199999999999,200.0,360.0,700.0
