﻿index,Day,Confirmed,Deaths,Recovered,Active Cases,Cases,Death Rate,Recovery Rate,New Deaths,New Recovered,New Cases,New Case Rate,New Death Rate
2,2,2372.0,51.0,391.0,1930.0,1981.0,0.021500843170320406,0.1648397976391231,-49.0,-1011.0,-3726.0,-3.48069241011984,-2.0888888888888886
3,3,4706.0,118.0,107.0,4481.0,4599.0,0.025074373140671482,0.022736931576710584,67.0,-284.0,2334.0,-1.6264090177133657,-2.36734693877551
4,4,6010.0,147.0,148.0,5715.0,5862.0,0.024459234608985025,0.024625623960066557,29.0,41.0,1304.0,-0.4413024850042845,-0.5671641791044777
5,5,8261.0,197.0,255.0,7809.0,8006.0,0.023846991889601744,0.030867933664205302,50.0,107.0,2251.0,0.7262269938650308,0.7241379310344827
6,6,9180.0,204.0,240.0,8736.0,8940.0,0.022222222222222223,0.026143790849673203,7.0,-15.0,919.0,-0.591737005775211,-0.86
7,7,9572.0,194.0,307.0,9071.0,9265.0,0.02026744671959883,0.032072712076890934,-10.0,67.0,392.0,-0.5734494015233951,-2.428571428571429
8,8,13591.0,248.0,316.0,13027.0,13275.0,0.018247369582812156,0.023250680597454196,54.0,9.0,4019.0,9.252551020408163,-6.4
9,9,15752.0,309.0,468.0,14975.0,15284.0,0.019616556627729813,0.029710512950736415,61.0,152.0,2161.0,-0.46230405573525757,0.12962962962962954
10,10,20162.0,394.0,608.0,19160.0,19554.0,0.019541712131732964,0.030155738518004165,85.0,140.0,4410.0,1.040721888014808,0.39344262295081966
11,11,26321.0,513.0,936.0,24872.0,25385.0,0.019490140952091485,0.035560958930131836,119.0,328.0,6159.0,0.39659863945578233,0.3999999999999999
12,12,31137.0,609.0,1277.0,29251.0,29860.0,0.01955872434723962,0.04101230047853036,96.0,341.0,4816.0,-0.21805487903880505,-0.19327731092436973
13,13,38378.0,748.0,1460.0,36170.0,36918.0,0.01949033300328313,0.038042628589295954,139.0,183.0,7241.0,0.503529900332226,0.44791666666666674
14,14,45220.0,878.0,2456.0,41886.0,42764.0,0.019416187527642636,0.05431225121627598,130.0,996.0,6842.0,-0.05510288634166549,-0.06474820143884896
15,15,51418.0,1010.0,2953.0,47455.0,48465.0,0.019642926601579215,0.057431249756894474,132.0,497.0,6198.0,-0.0941245249926922,0.01538461538461533
16,16,56681.0,1195.0,3899.0,51587.0,52782.0,0.02108290255994072,0.0687884829131455,185.0,946.0,5263.0,-0.15085511455308165,0.4015151515151516
17,17,65436.0,1375.0,5490.0,58571.0,59946.0,0.021012898098905802,0.08389877131854025,180.0,1591.0,8755.0,0.66349990499715,-0.027027027027026973
18,18,68499.0,1760.0,6636.0,60103.0,61863.0,0.025693805748989038,0.09687732667630185,385.0,1146.0,3063.0,-0.6501427755568246,1.1388888888888888
19,19,66353.0,1806.0,7396.0,57151.0,58957.0,0.0272180609768963,0.11146444019109912,46.0,760.0,-2146.0,-1.7006203068886712,-0.8805194805194805
20,20,74542.0,2260.0,8859.0,63423.0,65683.0,0.030318478173378766,0.11884575138847898,454.0,1463.0,8189.0,-4.815936626281454,8.869565217391305
21,21,117753.0,5212.0,15193.0,97348.0,102560.0,0.044262141941181964,0.12902431360559816,2952.0,6334.0,43211.0,4.276712663328856,5.502202643171806
22,22,126921.0,5405.0,14155.0,107361.0,112766.0,0.04258554533922676,0.11152606739625437,193.0,-1038.0,9168.0,-0.7878318020874314,-0.934620596205962
23,23,120826.0,4840.0,14883.0,101103.0,105943.0,0.0400576034959363,0.12317713075000414,-565.0,728.0,-6095.0,-1.6648123909249564,-3.9274611398963732
24,24,129356.0,5541.0,18100.0,105715.0,111256.0,0.042835276291783915,0.1399239308574786,701.0,3217.0,8530.0,-2.399507793273175,-2.24070796460177
25,25,124383.0,5628.0,19464.0,99291.0,104919.0,0.04524734087455681,0.15648440703311545,87.0,1364.0,-4973.0,-1.5830011723329425,-0.8758915834522112
26,26,92802.0,2905.0,18135.0,71762.0,74667.0,0.031303204672313095,0.19541604706795113,-2723.0,-1329.0,-31581.0,5.350492660365976,-32.298850574712645
27,27,102522.0,3340.0,19876.0,79306.0,82646.0,0.03257837342228985,0.19387058387468056,435.0,1741.0,9720.0,-1.3077799943003705,-1.1597502754315094
28,28,86532.0,2246.0,16268.0,68018.0,70264.0,0.02595571580455785,0.18799981509730504,-1094.0,-3608.0,-15990.0,-2.6450617283950617,-3.514942528735632
29,29,83302.0,2365.0,18126.0,62811.0,65176.0,0.028390674893760053,0.21759381527454322,119.0,1858.0,-3230.0,-0.7979987492182614,-1.1087751371115173
30,30,89797.0,2437.0,19444.0,67916.0,70353.0,0.027138991280332304,0.21653284630889674,72.0,1318.0,6495.0,-3.0108359133126936,-0.39495798319327735
31,31,93675.0,2663.0,22837.0,68175.0,70838.0,0.02842807579396851,0.243789698425407,226.0,3393.0,3878.0,-0.4029253271747498,2.138888888888889
32,32,97613.0,2636.0,23594.0,71383.0,74019.0,0.027004599797158167,0.24170960835134664,-27.0,757.0,3938.0,0.015471892728210479,-1.1194690265486726
33,33,93179.0,2684.0,25427.0,65068.0,67752.0,0.028804773607787163,0.2728833750093905,48.0,1833.0,-4434.0,-2.1259522600304726,-2.7777777777777777
34,34,99226.0,2806.0,27964.0,68456.0,71262.0,0.028278878519742808,0.28182129683752244,122.0,2537.0,6047.0,-2.363779882724402,1.5416666666666665
35,35,85583.0,2804.0,30224.0,52555.0,55359.0,0.03276351611885538,0.3531542479230688,-2.0,2260.0,-13643.0,-3.256160079378204,-1.0163934426229508
36,36,84710.0,2788.0,33492.0,48430.0,51218.0,0.032912288985952075,0.39537244717270686,-16.0,3268.0,-873.0,-0.9360111412445943,7.0
37,37,87601.0,2884.0,36113.0,48604.0,51488.0,0.03292199860732183,0.41224415246401297,96.0,2621.0,2891.0,-4.311569301260023,-7.0
38,38,88485.0,2934.0,39265.0,46286.0,49220.0,0.03315816240040685,0.44374752782957566,50.0,3152.0,884.0,-0.6942234520927015,-0.47916666666666663
39,39,91694.0,3007.0,42364.0,46323.0,49330.0,0.032793857831482975,0.46201496281108906,73.0,3099.0,3209.0,2.6300904977375565,0.45999999999999996
40,40,95097.0,3081.0,45741.0,46275.0,49356.0,0.032398498375343074,0.4809930912647087,74.0,3377.0,3403.0,0.060454970395761976,0.013698630136986356
41,41,96119.0,3124.0,48255.0,44740.0,47864.0,0.032501378499568245,0.5020339370988046,43.0,2514.0,1022.0,-0.6996767558037026,-0.41891891891891897
42,42,88361.0,3042.0,50014.0,35305.0,38347.0,0.03442695306752979,0.5660189450096762,-82.0,1759.0,-7758.0,-8.590998043052839,-2.9069767441860463
43,43,89081.0,3095.0,53097.0,32889.0,35984.0,0.03474366026425388,0.5960530303880738,53.0,3083.0,720.0,-1.0928074245939676,-1.6463414634146343
44,44,98930.0,3185.0,56592.0,39153.0,42338.0,0.032194480946123524,0.5720408369554231,90.0,3495.0,9849.0,12.679166666666667,0.6981132075471699
45,45,89785.0,3175.0,55945.0,30665.0,33840.0,0.03536225427409924,0.6230996268864509,-10.0,-647.0,-9145.0,-1.9285206619961417,-1.1111111111111112
46,46,93712.0,3250.0,62144.0,28318.0,31568.0,0.034680723920095614,0.6631381253201297,75.0,6199.0,3927.0,-1.42941498086386,-8.5
47,47,86769.0,3191.0,55841.0,27737.0,30928.0,0.03677580702785557,0.6435593357074532,-59.0,-6303.0,-6943.0,-2.768016297428062,-1.7866666666666666
48,48,86262.0,3190.0,57901.0,25171.0,28361.0,0.03698036215251212,0.6712225545431361,-1.0,2060.0,-507.0,-0.9269768111767247,-0.9830508474576272
49,49,103297.0,3395.0,76186.0,23716.0,27111.0,0.03286639495822725,0.7375432006737853,205.0,18285.0,17035.0,-34.599605522682445,-206.0
50,50,95580.0,3286.0,69907.0,22387.0,25673.0,0.034379577317430424,0.7313977819627537,-109.0,-6279.0,-7717.0,-1.4530085118872909,-1.5317073170731708
51,51,78709.0,3167.0,61999.0,13543.0,16710.0,0.040236821710350784,0.7876989924913288,-119.0,-7908.0,-16871.0,1.1862122586497343,0.09174311926605494
52,52,87272.0,3279.0,71852.0,12141.0,15420.0,0.03757218810156751,0.8233110275918966,112.0,9853.0,8563.0,-1.5075573469266788,-1.9411764705882353
53,53,78561.0,3170.0,64536.0,10855.0,14025.0,0.04035081019844452,0.8214763050368503,-109.0,-7316.0,-8711.0,-2.0172836622678965,-1.9732142857142856
54,54,75134.0,3180.0,62103.0,9851.0,13031.0,0.042324380440280036,0.8265632070700348,10.0,-2433.0,-3427.0,-0.6065893697623694,-1.091743119266055
55,55,75930.0,3174.0,63750.0,9006.0,12180.0,0.041801659423152907,0.8395890952192809,-6.0,1647.0,796.0,-1.2322731251823753,-1.6
56,56,71988.0,3169.0,60783.0,8036.0,11205.0,0.04402122575984886,0.8443490581763627,-5.0,-2967.0,-3942.0,-5.952261306532663,-0.16666666666666663
