﻿Date,Confirmed,Death,Recovered,Total Confirmed,Total Deaths,Total Recovered,Active Cases,Death Rate,Death Change Rate,Recovery Change Rate,Confirmed Change Rate,Confirmed Rolling 3 Change Rate,New Active Cases,New Active Cases PCT Change,New Cases,New Case PCT Change,New Deaths,New Death PCT Change,New Recovered,New Recovered PCT Change,Likely Cases C86,Likely Cases 1pct,Likely Cases 1.8pct,Likely Cases 3.5pct
2020-02-29,1.0,0.0,0.0,1.0,0.0,0.0,1.0,0.0,0.0,0.0,0.0,0.0,,0.0,,0.0,,0.0,,0.0,1.14,0.0,0.0,0.0
2020-03-01,1.0,0.0,0.0,1.0,0.0,0.0,1.0,0.0,0.0,0.0,0.0,0.0,0.0,0.0,0.0,0.0,0.0,0.0,0.0,0.0,1.14,0.0,0.0,0.0
2020-03-02,1.0,0.0,0.0,1.0,0.0,0.0,1.0,0.0,0.0,0.0,0.0,0.0,0.0,0.0,0.0,0.0,0.0,0.0,0.0,0.0,1.14,0.0,0.0,0.0
2020-03-03,1.0,0.0,0.0,1.0,0.0,0.0,1.0,0.0,0.0,0.0,0.0,0.0,0.0,0.0,0.0,0.0,0.0,0.0,0.0,0.0,1.14,0.0,0.0,0.0
2020-03-04,1.0,0.0,0.0,1.0,0.0,0.0,1.0,0.0,0.0,0.0,0.0,0.0,0.0,0.0,0.0,0.0,0.0,0.0,0.0,0.0,1.14,0.0,0.0,0.0
2020-03-05,1.0,0.0,0.0,1.0,0.0,0.0,1.0,0.0,0.0,0.0,0.0,0.0,0.0,0.0,0.0,0.0,0.0,0.0,0.0,0.0,1.14,0.0,0.0,0.0
2020-03-06,2.0,0.0,0.0,2.0,0.0,0.0,2.0,0.0,0.0,0.0,1.0,0.3333333333333333,1.0,inf,1.0,inf,0.0,0.0,0.0,0.0,2.28,0.0,0.0,0.0
2020-03-07,2.0,0.0,0.0,2.0,0.0,0.0,2.0,0.0,0.0,0.0,0.0,0.3333333333333333,0.0,-1.0,0.0,-1.0,0.0,0.0,0.0,0.0,2.28,0.0,0.0,0.0
2020-03-08,3.0,0.0,0.0,3.0,0.0,0.0,3.0,0.0,0.0,0.0,0.5,0.5,1.0,inf,1.0,inf,0.0,0.0,0.0,0.0,3.42,0.0,0.0,0.0
2020-03-09,3.0,0.0,0.0,3.0,0.0,0.0,3.0,0.0,0.0,0.0,0.0,0.16666666666666666,0.0,-1.0,0.0,-1.0,0.0,0.0,0.0,0.0,3.42,0.0,0.0,0.0
2020-03-10,5.0,0.0,0.0,5.0,0.0,0.0,5.0,0.0,0.0,0.0,0.667,0.389,2.0,inf,2.0,inf,0.0,0.0,0.0,0.0,5.699999999999999,0.0,0.0,0.0
2020-03-11,7.0,0.0,0.0,7.0,0.0,0.0,7.0,0.0,0.0,0.0,0.4,0.35566666666666674,2.0,0.0,2.0,0.0,0.0,0.0,0.0,0.0,7.9799999999999995,0.0,0.0,0.0
2020-03-12,19.0,0.0,0.0,19.0,0.0,0.0,19.0,0.0,0.0,0.0,1.714,0.927,12.0,5.0,12.0,5.0,0.0,0.0,0.0,0.0,21.659999999999997,0.0,0.0,0.0
2020-03-13,34.0,0.0,0.0,34.0,0.0,0.0,34.0,0.0,0.0,0.0,0.789,0.9676666666666668,15.0,0.25,15.0,0.25,0.0,0.0,0.0,0.0,38.76,0.0,0.0,0.0
2020-03-14,51.0,1.0,0.0,51.0,1.0,0.0,50.0,0.02,inf,0.0,0.5,1.0010000000000001,16.0,0.06666666666666665,17.0,0.1333333333333333,1.0,inf,0.0,0.0,56.99999999999999,100.0,180.0,350.0
2020-03-15,59.0,1.0,0.0,59.0,1.0,0.0,58.0,0.017,0.0,0.0,0.157,0.4820000000000002,8.0,-0.5,8.0,-0.5294117647058824,0.0,-1.0,0.0,0.0,66.11999999999999,100.0,180.0,350.0
2020-03-16,77.0,1.0,0.0,77.0,1.0,0.0,76.0,0.013,0.0,0.0,0.305,0.3206666666666668,18.0,1.25,18.0,1.25,0.0,0.0,0.0,0.0,86.63999999999999,100.0,180.0,350.0
2020-03-17,140.0,1.0,0.0,140.0,1.0,0.0,139.0,0.007,0.0,0.0,0.818,0.4266666666666668,63.0,2.5,63.0,2.5,0.0,0.0,0.0,0.0,158.45999999999998,100.0,180.0,350.0
2020-03-18,203.0,2.0,0.0,203.0,2.0,0.0,201.0,0.01,1.0,0.0,0.45,0.5243333333333334,62.0,-0.015873015873015928,63.0,0.0,1.0,inf,0.0,0.0,229.14,200.0,360.0,700.0
2020-03-19,335.0,4.0,0.0,335.0,4.0,0.0,331.0,0.012,1.0,0.0,0.65,0.6393333333333334,130.0,1.096774193548387,132.0,1.0952380952380953,2.0,1.0,0.0,0.0,377.34,400.0,720.0,1400.0
2020-03-20,484.0,4.0,0.0,484.0,4.0,0.0,480.0,0.008,0.0,0.0,0.445,0.5150000000000001,149.0,0.14615384615384608,149.0,0.1287878787878789,0.0,-1.0,0.0,0.0,547.1999999999999,400.0,720.0,1400.0
2020-03-21,670.0,8.0,0.0,670.0,8.0,0.0,662.0,0.012,1.0,0.0,0.384,0.4930000000000001,182.0,0.2214765100671141,186.0,0.24832214765100669,4.0,inf,0.0,0.0,754.68,800.0,1440.0,2800.0
2020-03-22,798.0,8.0,6.0,798.0,8.0,6.0,784.0,0.01,0.0,inf,0.191,0.34000000000000014,122.0,-0.3296703296703297,128.0,-0.31182795698924726,0.0,-1.0,6.0,inf,893.7599999999999,800.0,1440.0,2800.0
2020-03-23,875.0,8.0,6.0,875.0,8.0,6.0,861.0,0.009,0.0,0.0,0.096,0.22366666666666682,77.0,-0.3688524590163934,77.0,-0.3984375,0.0,0.0,0.0,-1.0,981.54,800.0,1440.0,2800.0
2020-03-24,1099.0,8.0,6.0,1099.0,8.0,6.0,1085.0,0.007,0.0,0.0,0.256,0.18100000000000016,224.0,1.9090909090909092,224.0,1.9090909090909092,0.0,0.0,0.0,0.0,1236.8999999999999,800.0,1440.0,2800.0
2020-03-25,1333.0,8.0,0.0,1333.0,8.0,0.0,1325.0,0.006,0.0,-1.0,0.213,0.18833333333333346,240.0,0.0714285714285714,234.0,0.044642857142857206,0.0,0.0,-6.0,-inf,1510.4999999999998,800.0,1440.0,2800.0
