﻿Date,Confirmed,Death,Recovered,Total Confirmed,Total Deaths,Total Recovered,Active Cases,Death Rate,Death Change Rate,Recovery Change Rate,Confirmed Change Rate,Confirmed Rolling 3 Change Rate,New Active Cases,New Active Cases PCT Change,New Cases,New Case PCT Change,New Deaths,New Death PCT Change,New Recovered,New Recovered PCT Change,Likely Cases C86,Likely Cases 1pct,Likely Cases 1.8pct,Likely Cases 3.5pct
2020-03-13,4.0,0.0,0,4.0,0.0,0.0,4.0,0.0,0.0,0.0,0.0,0.0,,0.0,,0.0,,0.0,,0.0,4.56,0.0,0.0,0.0
2020-03-14,6.0,0.0,0,6.0,0.0,0.0,6.0,0.0,0.0,0.0,0.5,0.0,2.0,0.0,2.0,0.0,0.0,0.0,0.0,0.0,6.84,0.0,0.0,0.0
2020-03-15,9.0,0.0,0,9.0,0.0,0.0,9.0,0.0,0.0,0.0,0.5,0.3333333333333333,3.0,0.5,3.0,0.5,0.0,0.0,0.0,0.0,10.26,0.0,0.0,0.0
2020-03-16,10.0,0.0,0,10.0,0.0,0.0,10.0,0.0,0.0,0.0,0.111,0.37033333333333335,1.0,-0.6666666666666667,1.0,-0.6666666666666667,0.0,0.0,0.0,0.0,11.399999999999999,0.0,0.0,0.0
2020-03-17,33.0,0.0,0,33.0,0.0,0.0,33.0,0.0,0.0,0.0,2.3,0.9703333333333332,23.0,22.0,23.0,22.0,0.0,0.0,0.0,0.0,37.62,0.0,0.0,0.0
2020-03-18,35.0,0.0,0,35.0,0.0,0.0,35.0,0.0,0.0,0.0,0.061,0.8239999999999998,2.0,-0.9130434782608696,2.0,-0.9130434782608696,0.0,0.0,0.0,0.0,39.9,0.0,0.0,0.0
2020-03-19,44.0,0.0,0,44.0,0.0,0.0,44.0,0.0,0.0,0.0,0.257,0.8726666666666665,9.0,3.5,9.0,3.5,0.0,0.0,0.0,0.0,50.16,0.0,0.0,0.0
2020-03-20,49.0,3.0,0,49.0,3.0,0.0,46.0,0.061,inf,0.0,0.114,0.14399999999999982,2.0,-0.7777777777777778,5.0,-0.4444444444444444,3.0,inf,0.0,0.0,52.44,300.0,540.0,1050.0
2020-03-21,53.0,0.0,0,53.0,0.0,0.0,53.0,0.0,-1.0,0.0,0.082,0.15099999999999983,7.0,2.5,4.0,-0.19999999999999996,-3.0,-2.0,0.0,0.0,60.419999999999995,0.0,0.0,0.0
2020-03-22,60.0,0.0,0,60.0,0.0,0.0,60.0,0.0,0.0,0.0,0.132,0.10933333333333317,7.0,0.0,7.0,0.75,0.0,-1.0,0.0,0.0,68.39999999999999,0.0,0.0,0.0
2020-03-23,62.0,0.0,0,62.0,0.0,0.0,62.0,0.0,0.0,0.0,0.033,0.08233333333333319,2.0,-0.7142857142857143,2.0,-0.7142857142857143,0.0,0.0,0.0,0.0,70.67999999999999,0.0,0.0,0.0
2020-03-24,72.0,0.0,0,72.0,0.0,0.0,72.0,0.0,0.0,0.0,0.161,0.10866666666666652,10.0,4.0,10.0,4.0,0.0,0.0,0.0,0.0,82.08,0.0,0.0,0.0
2020-03-25,81.0,0.0,0,81.0,0.0,0.0,81.0,0.0,0.0,0.0,0.125,0.10633333333333318,9.0,-0.09999999999999998,9.0,-0.09999999999999998,0.0,0.0,0.0,0.0,92.33999999999999,0.0,0.0,0.0
