﻿Date,Confirmed,Death,Recovered,Total Confirmed,Total Deaths,Total Recovered,Active Cases,Death Rate,Death Change Rate,Recovery Change Rate,Confirmed Change Rate,Confirmed Rolling 3 Change Rate,New Active Cases,New Active Cases PCT Change,New Cases,New Case PCT Change,New Deaths,New Death PCT Change,New Recovered,New Recovered PCT Change,Likely Cases C86,Likely Cases 1pct,Likely Cases 1.8pct,Likely Cases 3.5pct
2020-03-06,1.0,0.0,0.0,1.0,0.0,0.0,1.0,0.0,0.0,0.0,0.0,0.0,,0.0,,0.0,,0.0,,0.0,1.14,0.0,0.0,0.0
2020-03-07,1.0,0.0,0.0,1.0,0.0,0.0,1.0,0.0,0.0,0.0,0.0,0.0,0.0,0.0,0.0,0.0,0.0,0.0,0.0,0.0,1.14,0.0,0.0,0.0
2020-03-08,1.0,0.0,0.0,1.0,0.0,0.0,1.0,0.0,0.0,0.0,0.0,0.0,0.0,0.0,0.0,0.0,0.0,0.0,0.0,0.0,1.14,0.0,0.0,0.0
2020-03-09,1.0,0.0,0.0,1.0,0.0,0.0,1.0,0.0,0.0,0.0,0.0,0.0,0.0,0.0,0.0,0.0,0.0,0.0,0.0,0.0,1.14,0.0,0.0,0.0
2020-03-10,3.0,0.0,0.0,3.0,0.0,0.0,3.0,0.0,0.0,0.0,2.0,0.6666666666666666,2.0,inf,2.0,inf,0.0,0.0,0.0,0.0,3.42,0.0,0.0,0.0
2020-03-11,9.0,0.0,0.0,9.0,0.0,0.0,9.0,0.0,0.0,0.0,2.0,1.3333333333333333,6.0,2.0,6.0,2.0,0.0,0.0,0.0,0.0,10.26,0.0,0.0,0.0
2020-03-12,9.0,0.0,0.0,9.0,0.0,0.0,9.0,0.0,0.0,0.0,0.0,1.3333333333333333,0.0,-1.0,0.0,-1.0,0.0,0.0,0.0,0.0,10.26,0.0,0.0,0.0
2020-03-13,13.0,0.0,0.0,13.0,0.0,0.0,13.0,0.0,0.0,0.0,0.444,0.8146666666666667,4.0,inf,4.0,inf,0.0,0.0,0.0,0.0,14.819999999999999,0.0,0.0,0.0
2020-03-14,22.0,0.0,0.0,22.0,0.0,0.0,22.0,0.0,0.0,0.0,0.692,0.3786666666666667,9.0,1.25,9.0,1.25,0.0,0.0,0.0,0.0,25.08,0.0,0.0,0.0
2020-03-15,34.0,0.0,0.0,34.0,0.0,0.0,34.0,0.0,0.0,0.0,0.545,0.5603333333333333,12.0,0.33333333333333326,12.0,0.33333333333333326,0.0,0.0,0.0,0.0,38.76,0.0,0.0,0.0
2020-03-16,54.0,0.0,0.0,54.0,0.0,0.0,54.0,0.0,0.0,0.0,0.588,0.6083333333333334,20.0,0.6666666666666667,20.0,0.6666666666666667,0.0,0.0,0.0,0.0,61.559999999999995,0.0,0.0,0.0
2020-03-17,65.0,0.0,1.0,65.0,0.0,1.0,64.0,0.0,0.0,inf,0.204,0.4456666666666668,10.0,-0.5,11.0,-0.44999999999999996,0.0,0.0,1.0,inf,72.96,0.0,0.0,0.0
2020-03-18,93.0,0.0,1.0,93.0,0.0,1.0,92.0,0.0,0.0,0.0,0.431,0.4076666666666668,28.0,1.7999999999999998,28.0,1.5454545454545454,0.0,0.0,0.0,-1.0,104.88,0.0,0.0,0.0
2020-03-19,102.0,0.0,1.0,102.0,0.0,1.0,101.0,0.0,0.0,0.0,0.097,0.2440000000000001,9.0,-0.6785714285714286,9.0,-0.6785714285714286,0.0,0.0,0.0,0.0,115.13999999999999,0.0,0.0,0.0
2020-03-20,128.0,0.0,1.0,128.0,0.0,1.0,127.0,0.0,0.0,0.0,0.255,0.2610000000000001,26.0,1.8888888888888888,26.0,1.8888888888888888,0.0,0.0,0.0,0.0,144.78,0.0,0.0,0.0
2020-03-21,196.0,0.0,1.0,196.0,0.0,1.0,195.0,0.0,0.0,0.0,0.531,0.2943333333333335,68.0,1.6153846153846154,68.0,1.6153846153846154,0.0,0.0,0.0,0.0,222.29999999999998,0.0,0.0,0.0
2020-03-22,231.0,2.0,3.0,231.0,2.0,3.0,226.0,0.009,inf,2.0,0.179,0.3216666666666668,31.0,-0.5441176470588236,35.0,-0.4852941176470589,2.0,inf,2.0,inf,257.64,200.0,360.0,700.0
2020-03-23,277.0,3.0,3.0,277.0,3.0,3.0,271.0,0.011,0.5,0.0,0.199,0.3030000000000002,45.0,0.4516129032258065,46.0,0.3142857142857143,1.0,-0.5,0.0,-1.0,308.94,300.0,540.0,1050.0
2020-03-24,378.0,3.0,6.0,378.0,3.0,6.0,369.0,0.008,0.0,1.0,0.365,0.2476666666666668,98.0,1.1777777777777776,101.0,1.1956521739130435,0.0,-1.0,3.0,inf,420.65999999999997,300.0,540.0,1050.0
2020-03-25,470.0,4.0,0.0,470.0,4.0,0.0,466.0,0.009,0.333,-1.0,0.243,0.26900000000000013,97.0,-0.010204081632653073,92.0,-0.08910891089108908,1.0,inf,-6.0,-3.0,531.24,400.0,720.0,1400.0
