﻿Date,Confirmed,Death,Recovered,Total Confirmed,Total Deaths,Total Recovered,Active Cases,Death Rate,Death Change Rate,Recovery Change Rate,Confirmed Change Rate,Confirmed Rolling 3 Change Rate,New Active Cases,New Active Cases PCT Change,New Cases,New Case PCT Change,New Deaths,New Death PCT Change,New Recovered,New Recovered PCT Change,Likely Cases C86,Likely Cases 1pct,Likely Cases 1.8pct,Likely Cases 3.5pct
2020-01-23,1.0,0.0,0.0,1.0,0.0,0.0,1.0,0.0,0.0,0.0,0.0,0.0,,0.0,,0.0,,0.0,,0.0,1.14,0.0,0.0,0.0
2020-01-24,3.0,0.0,0.0,3.0,0.0,0.0,3.0,0.0,0.0,0.0,2.0,0.0,2.0,0.0,2.0,0.0,0.0,0.0,0.0,0.0,3.42,0.0,0.0,0.0
2020-01-25,3.0,0.0,0.0,3.0,0.0,0.0,3.0,0.0,0.0,0.0,0.0,0.6666666666666666,0.0,-1.0,0.0,-1.0,0.0,0.0,0.0,0.0,3.42,0.0,0.0,0.0
2020-01-26,4.0,0.0,0.0,4.0,0.0,0.0,4.0,0.0,0.0,0.0,0.333,0.7776666666666667,1.0,inf,1.0,inf,0.0,0.0,0.0,0.0,4.56,0.0,0.0,0.0
2020-01-27,5.0,0.0,0.0,5.0,0.0,0.0,5.0,0.0,0.0,0.0,0.25,0.19433333333333339,1.0,0.0,1.0,0.0,0.0,0.0,0.0,0.0,5.699999999999999,0.0,0.0,0.0
2020-01-28,7.0,0.0,0.0,7.0,0.0,0.0,7.0,0.0,0.0,0.0,0.4,0.3276666666666667,2.0,1.0,2.0,1.0,0.0,0.0,0.0,0.0,7.9799999999999995,0.0,0.0,0.0
2020-01-29,7.0,0.0,0.0,7.0,0.0,0.0,7.0,0.0,0.0,0.0,0.0,0.2166666666666667,0.0,-1.0,0.0,-1.0,0.0,0.0,0.0,0.0,7.9799999999999995,0.0,0.0,0.0
2020-01-30,10.0,0.0,0.0,10.0,0.0,0.0,10.0,0.0,0.0,0.0,0.429,0.2763333333333334,3.0,inf,3.0,inf,0.0,0.0,0.0,0.0,11.399999999999999,0.0,0.0,0.0
2020-01-31,13.0,0.0,0.0,13.0,0.0,0.0,13.0,0.0,0.0,0.0,0.3,0.24300000000000008,3.0,0.0,3.0,0.0,0.0,0.0,0.0,0.0,14.819999999999999,0.0,0.0,0.0
2020-02-01,16.0,0.0,0.0,16.0,0.0,0.0,16.0,0.0,0.0,0.0,0.231,0.32000000000000006,3.0,0.0,3.0,0.0,0.0,0.0,0.0,0.0,18.24,0.0,0.0,0.0
2020-02-02,18.0,0.0,0.0,18.0,0.0,0.0,18.0,0.0,0.0,0.0,0.125,0.2186666666666667,2.0,-0.33333333333333337,2.0,-0.33333333333333337,0.0,0.0,0.0,0.0,20.52,0.0,0.0,0.0
2020-02-03,18.0,0.0,0.0,18.0,0.0,0.0,18.0,0.0,0.0,0.0,0.0,0.11866666666666671,0.0,-1.0,0.0,-1.0,0.0,0.0,0.0,0.0,20.52,0.0,0.0,0.0
2020-02-04,24.0,0.0,0.0,24.0,0.0,0.0,24.0,0.0,0.0,0.0,0.333,0.15266666666666673,6.0,inf,6.0,inf,0.0,0.0,0.0,0.0,27.36,0.0,0.0,0.0
2020-02-05,28.0,0.0,0.0,28.0,0.0,0.0,28.0,0.0,0.0,0.0,0.167,0.16666666666666674,4.0,-0.33333333333333337,4.0,-0.33333333333333337,0.0,0.0,0.0,0.0,31.919999999999998,0.0,0.0,0.0
2020-02-06,28.0,0.0,0.0,28.0,0.0,0.0,28.0,0.0,0.0,0.0,0.0,0.16666666666666674,0.0,-1.0,0.0,-1.0,0.0,0.0,0.0,0.0,31.919999999999998,0.0,0.0,0.0
2020-02-07,30.0,0.0,0.0,30.0,0.0,0.0,30.0,0.0,0.0,0.0,0.071,0.07933333333333338,2.0,inf,2.0,inf,0.0,0.0,0.0,0.0,34.199999999999996,0.0,0.0,0.0
2020-02-08,33.0,0.0,2.0,33.0,0.0,2.0,31.0,0.0,0.0,inf,0.1,0.05700000000000006,1.0,-0.5,3.0,0.5,0.0,0.0,2.0,inf,35.339999999999996,0.0,0.0,0.0
2020-02-09,40.0,0.0,2.0,40.0,0.0,2.0,38.0,0.0,0.0,0.0,0.212,0.12766666666666673,7.0,6.0,7.0,1.3333333333333335,0.0,0.0,0.0,-1.0,43.31999999999999,0.0,0.0,0.0
2020-02-10,45.0,0.0,2.0,45.0,0.0,2.0,43.0,0.0,0.0,0.0,0.125,0.14566666666666675,5.0,-0.2857142857142857,5.0,-0.2857142857142857,0.0,0.0,0.0,0.0,49.019999999999996,0.0,0.0,0.0
2020-02-11,47.0,0.0,9.0,47.0,0.0,9.0,38.0,0.0,0.0,3.5,0.044,0.12700000000000009,-5.0,-2.0,2.0,-0.6,0.0,0.0,7.0,inf,43.31999999999999,0.0,0.0,0.0
2020-02-12,50.0,0.0,15.0,50.0,0.0,15.0,35.0,0.0,0.0,0.667,0.064,0.07766666666666674,-3.0,-0.4,3.0,0.5,0.0,0.0,6.0,-0.1428571428571429,39.9,0.0,0.0,0.0
2020-02-13,58.0,0.0,15.0,58.0,0.0,15.0,43.0,0.0,0.0,0.0,0.16,0.08933333333333342,8.0,-3.6666666666666665,8.0,1.6666666666666665,0.0,0.0,0.0,-1.0,49.019999999999996,0.0,0.0,0.0
2020-02-14,67.0,0.0,17.0,67.0,0.0,17.0,50.0,0.0,0.0,0.133,0.155,0.12633333333333344,7.0,-0.125,9.0,0.125,0.0,0.0,2.0,inf,56.99999999999999,0.0,0.0,0.0
2020-02-15,72.0,0.0,18.0,72.0,0.0,18.0,54.0,0.0,0.0,0.059,0.075,0.1300000000000001,4.0,-0.4285714285714286,5.0,-0.4444444444444444,0.0,0.0,1.0,-0.5,61.559999999999995,0.0,0.0,0.0
2020-02-16,75.0,0.0,18.0,75.0,0.0,18.0,57.0,0.0,0.0,0.0,0.042,0.09066666666666674,3.0,-0.25,3.0,-0.4,0.0,0.0,0.0,-1.0,64.97999999999999,0.0,0.0,0.0
2020-02-17,77.0,0.0,24.0,77.0,0.0,24.0,53.0,0.0,0.0,0.333,0.027,0.04800000000000009,-4.0,-2.333333333333333,2.0,-0.33333333333333337,0.0,0.0,6.0,inf,60.419999999999995,0.0,0.0,0.0
2020-02-18,81.0,0.0,29.0,81.0,0.0,29.0,52.0,0.0,0.0,0.208,0.052,0.04033333333333342,-1.0,-0.75,4.0,1.0,0.0,0.0,5.0,-0.16666666666666663,59.279999999999994,0.0,0.0,0.0
2020-02-19,84.0,0.0,34.0,84.0,0.0,34.0,50.0,0.0,0.0,0.172,0.037,0.038666666666666745,-2.0,1.0,3.0,-0.25,0.0,0.0,5.0,0.0,56.99999999999999,0.0,0.0,0.0
2020-02-20,84.0,0.0,34.0,84.0,0.0,34.0,50.0,0.0,0.0,0.0,0.0,0.029666666666666747,0.0,-1.0,0.0,-1.0,0.0,0.0,0.0,-1.0,56.99999999999999,0.0,0.0,0.0
2020-02-21,85.0,0.0,37.0,85.0,0.0,37.0,48.0,0.0,0.0,0.088,0.012,0.016333333333333415,-2.0,-inf,1.0,inf,0.0,0.0,3.0,inf,54.72,0.0,0.0,0.0
2020-02-22,85.0,0.0,37.0,85.0,0.0,37.0,48.0,0.0,0.0,0.0,0.0,0.0040000000000000825,0.0,-1.0,0.0,-1.0,0.0,0.0,0.0,-1.0,54.72,0.0,0.0,0.0
2020-02-23,89.0,0.0,51.0,89.0,0.0,51.0,38.0,0.0,0.0,0.378,0.047,0.01966666666666675,-10.0,-inf,4.0,inf,0.0,0.0,14.0,inf,43.31999999999999,0.0,0.0,0.0
2020-02-24,89.0,0.0,51.0,89.0,0.0,51.0,38.0,0.0,0.0,0.0,0.0,0.01566666666666675,0.0,-1.0,0.0,-1.0,0.0,0.0,0.0,-1.0,43.31999999999999,0.0,0.0,0.0
2020-02-25,91.0,0.0,53.0,91.0,0.0,53.0,38.0,0.0,0.0,0.039,0.022,0.023000000000000086,0.0,0.0,2.0,inf,0.0,0.0,2.0,inf,43.31999999999999,0.0,0.0,0.0
2020-02-26,93.0,0.0,62.0,93.0,0.0,62.0,31.0,0.0,0.0,0.17,0.022,0.01466666666666675,-7.0,-inf,2.0,0.0,0.0,0.0,9.0,3.5,35.339999999999996,0.0,0.0,0.0
2020-02-27,93.0,0.0,62.0,93.0,0.0,62.0,31.0,0.0,0.0,0.0,0.0,0.01466666666666675,0.0,-1.0,0.0,-1.0,0.0,0.0,0.0,-1.0,35.339999999999996,0.0,0.0,0.0
2020-02-28,93.0,0.0,62.0,93.0,0.0,62.0,31.0,0.0,0.0,0.0,0.0,0.0073333333333334165,0.0,0.0,0.0,0.0,0.0,0.0,0.0,0.0,35.339999999999996,0.0,0.0,0.0
2020-02-29,102.0,0.0,72.0,102.0,0.0,72.0,30.0,0.0,0.0,0.161,0.097,0.032333333333333415,-1.0,-inf,9.0,inf,0.0,0.0,10.0,inf,34.199999999999996,0.0,0.0,0.0
2020-03-01,106.0,0.0,72.0,106.0,0.0,72.0,34.0,0.0,0.0,0.0,0.039,0.04533333333333342,4.0,-5.0,4.0,-0.5555555555555556,0.0,0.0,0.0,-1.0,38.76,0.0,0.0,0.0
2020-03-02,108.0,0.0,78.0,108.0,0.0,78.0,30.0,0.0,0.0,0.083,0.019,0.05166666666666675,-4.0,-2.0,2.0,-0.5,0.0,0.0,6.0,inf,34.199999999999996,0.0,0.0,0.0
2020-03-03,110.0,0.0,78.0,110.0,0.0,78.0,32.0,0.0,0.0,0.0,0.019,0.025666666666666744,2.0,-1.5,2.0,0.0,0.0,0.0,0.0,-1.0,36.48,0.0,0.0,0.0
2020-03-04,110.0,0.0,78.0,110.0,0.0,78.0,32.0,0.0,0.0,0.0,0.0,0.012666666666666744,0.0,-1.0,0.0,-1.0,0.0,0.0,0.0,0.0,36.48,0.0,0.0,0.0
2020-03-05,117.0,0.0,78.0,117.0,0.0,78.0,39.0,0.0,0.0,0.0,0.064,0.027666666666666742,7.0,inf,7.0,inf,0.0,0.0,0.0,0.0,44.459999999999994,0.0,0.0,0.0
2020-03-06,130.0,0.0,78.0,130.0,0.0,78.0,52.0,0.0,0.0,0.0,0.111,0.05833333333333341,13.0,0.8571428571428572,13.0,0.8571428571428572,0.0,0.0,0.0,0.0,59.279999999999994,0.0,0.0,0.0
2020-03-07,138.0,0.0,78.0,138.0,0.0,78.0,60.0,0.0,0.0,0.0,0.062,0.07900000000000008,8.0,-0.3846153846153846,8.0,-0.3846153846153846,0.0,0.0,0.0,0.0,68.39999999999999,0.0,0.0,0.0
2020-03-08,150.0,0.0,78.0,150.0,0.0,78.0,72.0,0.0,0.0,0.0,0.087,0.08666666666666674,12.0,0.5,12.0,0.5,0.0,0.0,0.0,0.0,82.08,0.0,0.0,0.0
2020-03-09,150.0,0.0,78.0,150.0,0.0,78.0,72.0,0.0,0.0,0.0,0.0,0.04966666666666675,0.0,-1.0,0.0,-1.0,0.0,0.0,0.0,0.0,82.08,0.0,0.0,0.0
2020-03-10,160.0,0.0,78.0,160.0,0.0,78.0,82.0,0.0,0.0,0.0,0.067,0.05133333333333342,10.0,inf,10.0,inf,0.0,0.0,0.0,0.0,93.47999999999999,0.0,0.0,0.0
2020-03-11,178.0,0.0,96.0,178.0,0.0,96.0,82.0,0.0,0.0,0.231,0.113,0.06000000000000008,0.0,-1.0,18.0,0.8,0.0,0.0,18.0,inf,93.47999999999999,0.0,0.0,0.0
2020-03-12,178.0,0.0,96.0,178.0,0.0,96.0,82.0,0.0,0.0,0.0,0.0,0.06000000000000008,0.0,0.0,0.0,-1.0,0.0,0.0,0.0,-1.0,93.47999999999999,0.0,0.0,0.0
2020-03-13,200.0,0.0,97.0,200.0,0.0,97.0,103.0,0.0,0.0,0.01,0.124,0.07900000000000008,21.0,inf,22.0,inf,0.0,0.0,1.0,inf,117.41999999999999,0.0,0.0,0.0
2020-03-14,212.0,0.0,105.0,212.0,0.0,105.0,107.0,0.0,0.0,0.082,0.06,0.06133333333333343,4.0,-0.8095238095238095,12.0,-0.4545454545454546,0.0,0.0,8.0,7.0,121.97999999999999,0.0,0.0,0.0
2020-03-15,226.0,0.0,105.0,226.0,0.0,105.0,121.0,0.0,0.0,0.0,0.066,0.08333333333333343,14.0,2.5,14.0,0.16666666666666674,0.0,0.0,0.0,-1.0,137.94,0.0,0.0,0.0
2020-03-16,243.0,0.0,109.0,243.0,0.0,109.0,134.0,0.0,0.0,0.038,0.075,0.0670000000000001,13.0,-0.0714285714285714,17.0,0.2142857142857142,0.0,0.0,4.0,inf,152.76,0.0,0.0,0.0
2020-03-17,266.0,0.0,114.0,266.0,0.0,114.0,152.0,0.0,0.0,0.046,0.095,0.07866666666666676,18.0,0.3846153846153846,23.0,0.3529411764705883,0.0,0.0,5.0,0.25,173.27999999999997,0.0,0.0,0.0
2020-03-18,313.0,0.0,114.0,313.0,0.0,114.0,199.0,0.0,0.0,0.0,0.177,0.11566666666666675,47.0,1.6111111111111112,47.0,1.0434782608695654,0.0,0.0,0.0,-1.0,226.85999999999999,0.0,0.0,0.0
2020-03-19,345.0,0.0,114.0,345.0,0.0,114.0,231.0,0.0,0.0,0.0,0.102,0.12466666666666675,32.0,-0.3191489361702128,32.0,-0.3191489361702128,0.0,0.0,0.0,0.0,263.34,0.0,0.0,0.0
2020-03-20,385.0,0.0,124.0,385.0,0.0,124.0,261.0,0.0,0.0,0.088,0.116,0.13166666666666674,30.0,-0.0625,40.0,0.25,0.0,0.0,10.0,inf,297.53999999999996,0.0,0.0,0.0
2020-03-21,432.0,2.0,140.0,432.0,2.0,140.0,290.0,0.005,inf,0.129,0.122,0.11333333333333341,29.0,-0.033333333333333326,47.0,0.17500000000000004,2.0,inf,16.0,0.6000000000000001,330.59999999999997,200.0,360.0,700.0
2020-03-22,455.0,2.0,144.0,455.0,2.0,144.0,309.0,0.004,0.0,0.029,0.053,0.09700000000000009,19.0,-0.3448275862068966,23.0,-0.5106382978723405,0.0,-1.0,4.0,-0.75,352.26,200.0,360.0,700.0
2020-03-23,455.0,2.0,144.0,455.0,2.0,144.0,309.0,0.004,0.0,0.0,0.0,0.058333333333333424,0.0,-1.0,0.0,-1.0,0.0,0.0,0.0,-1.0,352.26,200.0,360.0,700.0
