﻿Date,Confirmed,Death,Recovered,Total Confirmed,Total Deaths,Total Recovered,Active Cases,Death Rate,Death Change Rate,Recovery Change Rate,Confirmed Change Rate,New Active Cases,New Active Cases PCT Change,New Cases,New Case PCT Change,New Deaths,New Death PCT Change,New Recovered,New Recovered PCT Change,Likely Cases C86,Likely Cases 1pct,Likely Cases 1.8pct,Likely Cases 3.5pct
2020-01-22,1.0,0.0,0.0,1.0,0.0,0.0,1.0,0.0,,,,,,,,,,,,1.14,0.0,0.0,0.0
2020-01-23,1.0,0.0,0.0,1.0,0.0,0.0,1.0,0.0,,,0.0,0.0,,0.0,,0.0,,0.0,,1.14,0.0,0.0,0.0
2020-01-24,2.0,0.0,0.0,2.0,0.0,0.0,2.0,0.0,,,1.0,1.0,inf,1.0,inf,0.0,,0.0,,2.28,0.0,0.0,0.0
2020-01-25,2.0,0.0,0.0,2.0,0.0,0.0,2.0,0.0,,,0.0,0.0,-1.0,0.0,-1.0,0.0,,0.0,,2.28,0.0,0.0,0.0
2020-01-26,3.0,0.0,0.0,3.0,0.0,0.0,3.0,0.0,,,0.5,1.0,inf,1.0,inf,0.0,,0.0,,3.42,0.0,0.0,0.0
2020-01-27,4.0,0.0,0.0,4.0,0.0,0.0,4.0,0.0,,,0.333,1.0,0.0,1.0,0.0,0.0,,0.0,,4.56,0.0,0.0,0.0
2020-01-28,4.0,0.0,0.0,4.0,0.0,0.0,4.0,0.0,,,0.0,0.0,-1.0,0.0,-1.0,0.0,,0.0,,4.56,0.0,0.0,0.0
2020-01-29,4.0,0.0,0.0,4.0,0.0,0.0,4.0,0.0,,,0.0,0.0,,0.0,,0.0,,0.0,,4.56,0.0,0.0,0.0
2020-01-30,4.0,0.0,0.0,4.0,0.0,0.0,4.0,0.0,,,0.0,0.0,,0.0,,0.0,,0.0,,4.56,0.0,0.0,0.0
2020-01-31,11.0,0.0,0.0,11.0,0.0,0.0,11.0,0.0,,,1.75,7.0,inf,7.0,inf,0.0,,0.0,,12.54,0.0,0.0,0.0
2020-02-01,12.0,0.0,0.0,12.0,0.0,0.0,12.0,0.0,,,0.091,1.0,-0.8571428571428572,1.0,-0.8571428571428572,0.0,,0.0,,13.68,0.0,0.0,0.0
2020-02-02,15.0,0.0,0.0,15.0,0.0,0.0,15.0,0.0,,,0.25,3.0,2.0,3.0,2.0,0.0,,0.0,,17.099999999999998,0.0,0.0,0.0
2020-02-03,15.0,0.0,0.0,15.0,0.0,0.0,15.0,0.0,,,0.0,0.0,-1.0,0.0,-1.0,0.0,,0.0,,17.099999999999998,0.0,0.0,0.0
2020-02-04,16.0,0.0,0.0,16.0,0.0,0.0,16.0,0.0,,,0.067,1.0,inf,1.0,inf,0.0,,0.0,,18.24,0.0,0.0,0.0
2020-02-05,19.0,0.0,0.0,19.0,0.0,0.0,19.0,0.0,,,0.188,3.0,2.0,3.0,2.0,0.0,,0.0,,21.659999999999997,0.0,0.0,0.0
2020-02-06,23.0,0.0,0.0,23.0,0.0,0.0,23.0,0.0,,,0.211,4.0,0.33333333333333326,4.0,0.33333333333333326,0.0,,0.0,,26.22,0.0,0.0,0.0
2020-02-07,24.0,0.0,1.0,24.0,0.0,1.0,23.0,0.0,,inf,0.043,0.0,-1.0,1.0,-0.75,0.0,,1.0,inf,26.22,0.0,0.0,0.0
2020-02-08,24.0,0.0,1.0,24.0,0.0,1.0,23.0,0.0,,0.0,0.0,0.0,,0.0,-1.0,0.0,,0.0,-1.0,26.22,0.0,0.0,0.0
2020-02-09,25.0,0.0,3.0,25.0,0.0,3.0,22.0,0.0,,2.0,0.042,-1.0,-inf,1.0,inf,0.0,,2.0,inf,25.08,0.0,0.0,0.0
2020-02-10,27.0,0.0,3.0,27.0,0.0,3.0,24.0,0.0,,0.0,0.08,2.0,-3.0,2.0,1.0,0.0,,0.0,-1.0,27.36,0.0,0.0,0.0
2020-02-11,28.0,0.0,3.0,28.0,0.0,3.0,25.0,0.0,,0.0,0.037,1.0,-0.5,1.0,-0.5,0.0,,0.0,,28.499999999999996,0.0,0.0,0.0
2020-02-12,28.0,0.0,7.0,28.0,0.0,7.0,21.0,0.0,,1.333,0.0,-4.0,-5.0,0.0,-1.0,0.0,,4.0,inf,23.939999999999998,0.0,0.0,0.0
2020-02-13,28.0,0.0,7.0,28.0,0.0,7.0,21.0,0.0,,0.0,0.0,0.0,-1.0,0.0,,0.0,,0.0,-1.0,23.939999999999998,0.0,0.0,0.0
2020-02-14,28.0,0.0,7.0,28.0,0.0,7.0,21.0,0.0,,0.0,0.0,0.0,,0.0,,0.0,,0.0,,23.939999999999998,0.0,0.0,0.0
2020-02-15,28.0,0.0,9.0,28.0,0.0,9.0,19.0,0.0,,0.286,0.0,-2.0,-inf,0.0,,0.0,,2.0,inf,21.659999999999997,0.0,0.0,0.0
2020-02-16,29.0,0.0,9.0,29.0,0.0,9.0,20.0,0.0,,0.0,0.036,1.0,-1.5,1.0,inf,0.0,,0.0,-1.0,22.799999999999997,0.0,0.0,0.0
2020-02-17,30.0,0.0,10.0,30.0,0.0,10.0,20.0,0.0,,0.111,0.034,0.0,-1.0,1.0,0.0,0.0,,1.0,inf,22.799999999999997,0.0,0.0,0.0
2020-02-18,31.0,0.0,12.0,31.0,0.0,12.0,19.0,0.0,,0.2,0.033,-1.0,-inf,1.0,0.0,0.0,,2.0,1.0,21.659999999999997,0.0,0.0,0.0
2020-02-19,31.0,0.0,12.0,31.0,0.0,12.0,19.0,0.0,,0.0,0.0,0.0,-1.0,0.0,-1.0,0.0,,0.0,-1.0,21.659999999999997,0.0,0.0,0.0
2020-02-20,104.0,1.0,16.0,104.0,1.0,16.0,87.0,0.01,inf,0.333,2.355,68.0,inf,73.0,inf,1.0,inf,4.0,inf,99.17999999999999,100.0,180.0,350.0
2020-02-21,204.0,2.0,16.0,204.0,2.0,16.0,186.0,0.01,1.0,0.0,0.962,99.0,0.4558823529411764,100.0,0.36986301369863006,1.0,0.0,0.0,-1.0,212.04,200.0,360.0,700.0
2020-02-22,433.0,2.0,16.0,433.0,2.0,16.0,415.0,0.005,0.0,0.0,1.123,229.0,1.3131313131313131,229.0,1.29,0.0,-1.0,0.0,,473.09999999999997,200.0,360.0,700.0
2020-02-23,602.0,6.0,18.0,602.0,6.0,18.0,578.0,0.01,2.0,0.125,0.39,163.0,-0.28820960698689957,169.0,-0.2620087336244541,4.0,inf,2.0,inf,658.92,600.0,1080.0,2100.0
2020-02-24,833.0,8.0,18.0,833.0,8.0,18.0,807.0,0.01,0.333,0.0,0.384,229.0,0.4049079754601228,231.0,0.3668639053254439,2.0,-0.5,0.0,-1.0,919.9799999999999,800.0,1440.0,2800.0
2020-02-25,977.0,10.0,22.0,977.0,10.0,22.0,945.0,0.01,0.25,0.222,0.173,138.0,-0.3973799126637555,144.0,-0.37662337662337664,2.0,0.0,4.0,inf,1077.3,1000.0,1800.0,3500.0
2020-02-26,1261.0,12.0,22.0,1261.0,12.0,22.0,1227.0,0.01,0.2,0.0,0.291,282.0,1.0434782608695654,284.0,0.9722222222222223,2.0,0.0,0.0,-1.0,1398.78,1200.0,2160.0,4200.0
2020-02-27,1766.0,13.0,22.0,1766.0,13.0,22.0,1731.0,0.007,0.083,0.0,0.4,504.0,0.7872340425531914,505.0,0.778169014084507,1.0,-0.5,0.0,,1973.34,1300.0,2340.0,4550.0
2020-02-28,2337.0,13.0,22.0,2337.0,13.0,22.0,2302.0,0.006,0.0,0.0,0.323,571.0,0.1329365079365079,571.0,0.1306930693069306,0.0,-1.0,0.0,,2624.2799999999997,1300.0,2340.0,4550.0
2020-02-29,3150.0,16.0,27.0,3150.0,16.0,27.0,3107.0,0.005,0.231,0.227,0.348,805.0,0.4098073555166375,813.0,0.42381786339754823,3.0,inf,5.0,inf,3541.9799999999996,1600.0,2880.0,5600.0
2020-03-01,3736.0,17.0,30.0,3736.0,17.0,30.0,3689.0,0.005,0.062,0.111,0.186,582.0,-0.2770186335403727,586.0,-0.27921279212792127,1.0,-0.6666666666666667,3.0,-0.4,4205.46,1700.0,3060.0,5950.0
2020-03-02,4335.0,28.0,30.0,4335.0,28.0,30.0,4277.0,0.006,0.647,0.0,0.16,588.0,0.010309278350515427,599.0,0.022184300341296925,11.0,10.0,0.0,-1.0,4875.78,2800.0,5040.0,9800.0
2020-03-03,5186.0,28.0,30.0,5186.0,28.0,30.0,5128.0,0.005,0.0,0.0,0.196,851.0,0.44727891156462585,851.0,0.42070116861435736,0.0,-1.0,0.0,,5845.919999999999,2800.0,5040.0,9800.0
2020-03-04,5621.0,35.0,41.0,5621.0,35.0,41.0,5545.0,0.006,0.25,0.367,0.084,417.0,-0.5099882491186839,435.0,-0.4888366627497063,7.0,inf,11.0,inf,6321.299999999999,3500.0,6300.0,12250.0
2020-03-05,6088.0,35.0,41.0,6088.0,35.0,41.0,6012.0,0.006,0.0,0.0,0.083,467.0,0.11990407673860903,467.0,0.0735632183908046,0.0,-1.0,0.0,-1.0,6853.679999999999,3500.0,6300.0,12250.0
2020-03-06,6593.0,42.0,135.0,6593.0,42.0,135.0,6416.0,0.006,0.2,2.293,0.083,404.0,-0.13490364025695933,505.0,0.0813704496788008,7.0,inf,94.0,inf,7314.24,4200.0,7560.0,14700.0
2020-03-07,7041.0,44.0,135.0,7041.0,44.0,135.0,6862.0,0.006,0.048,0.0,0.068,446.0,0.10396039603960405,448.0,-0.11287128712871286,2.0,-0.7142857142857143,0.0,-1.0,7822.679999999999,4400.0,7920.0,15400.0
2020-03-08,7314.0,50.0,118.0,7314.0,50.0,118.0,7146.0,0.007,0.136,-0.126,0.039,284.0,-0.36322869955156956,273.0,-0.390625,6.0,2.0,-17.0,-inf,8146.44,5000.0,9000.0,17500.0
2020-03-09,7478.0,53.0,118.0,7478.0,53.0,118.0,7307.0,0.007,0.06,0.0,0.022,161.0,-0.43309859154929575,164.0,-0.3992673992673993,3.0,-0.5,0.0,-1.0,8329.98,5300.0,9540.0,18550.0
2020-03-10,7513.0,54.0,247.0,7513.0,54.0,247.0,7212.0,0.007,0.019,1.093,0.005,-95.0,-1.5900621118012421,35.0,-0.7865853658536586,1.0,-0.6666666666666667,129.0,inf,8221.679999999998,5400.0,9720.0,18900.0
2020-03-11,7755.0,60.0,288.0,7755.0,60.0,288.0,7407.0,0.008,0.111,0.166,0.032,195.0,-3.0526315789473686,242.0,5.914285714285715,6.0,5.0,41.0,-0.6821705426356589,8443.98,6000.0,10800.0,21000.0
2020-03-12,7869.0,66.0,333.0,7869.0,66.0,333.0,7470.0,0.008,0.1,0.156,0.015,63.0,-0.676923076923077,114.0,-0.5289256198347108,6.0,0.0,45.0,0.09756097560975618,8515.8,6600.0,11880.0,23100.0
2020-03-13,7979.0,66.0,510.0,7979.0,66.0,510.0,7403.0,0.008,0.0,0.532,0.014,-67.0,-2.0634920634920633,110.0,-0.03508771929824561,0.0,-1.0,177.0,2.933333333333333,8439.42,6600.0,11880.0,23100.0
2020-03-14,8086.0,72.0,510.0,8086.0,72.0,510.0,7504.0,0.009,0.091,0.0,0.013,101.0,-2.5074626865671643,107.0,-0.027272727272727226,6.0,inf,0.0,-1.0,8554.56,7200.0,12960.0,25200.0
2020-03-15,8162.0,75.0,510.0,8162.0,75.0,510.0,7577.0,0.009,0.042,0.0,0.009,73.0,-0.27722772277227725,76.0,-0.28971962616822433,3.0,-0.5,0.0,,8637.779999999999,7500.0,13500.0,26250.0
2020-03-16,8236.0,75.0,1137.0,8236.0,75.0,1137.0,7024.0,0.009,0.0,1.229,0.009,-553.0,-8.575342465753424,74.0,-0.02631578947368418,0.0,-1.0,627.0,inf,8007.36,7500.0,13500.0,26250.0
2020-03-17,8320.0,81.0,1407.0,8320.0,81.0,1407.0,6832.0,0.01,0.08,0.237,0.01,-192.0,-0.6528028933092225,84.0,0.1351351351351351,6.0,inf,270.0,-0.569377990430622,7788.48,8100.0,14580.0,28350.0
2020-03-18,8413.0,84.0,1540.0,8413.0,84.0,1540.0,6789.0,0.01,0.037,0.095,0.011,-43.0,-0.7760416666666666,93.0,0.1071428571428572,3.0,-0.5,133.0,-0.5074074074074074,7739.459999999999,8400.0,15120.0,29400.0
