﻿Date,Confirmed,Death,Recovered,Total Confirmed,Total Deaths,Total Recovered,Active Cases,Death Rate,Death Change Rate,Recovery Change Rate,Confirmed Change Rate,Confirmed Rolling 3 Change Rate,New Active Cases,New Active Cases PCT Change,New Cases,New Case PCT Change,New Deaths,New Death PCT Change,New Recovered,New Recovered PCT Change,Likely Cases C86,Likely Cases 1pct,Likely Cases 1.8pct,Likely Cases 3.5pct
2020-03-02,1.0,0.0,0.0,1.0,0.0,0.0,1.0,0.0,0.0,0.0,0.0,0.0,,0.0,,0.0,,0.0,,0.0,1.14,0.0,0.0,0.0
2020-03-03,1.0,0.0,0.0,1.0,0.0,0.0,1.0,0.0,0.0,0.0,0.0,0.0,0.0,0.0,0.0,0.0,0.0,0.0,0.0,0.0,1.14,0.0,0.0,0.0
2020-03-04,1.0,0.0,0.0,1.0,0.0,0.0,1.0,0.0,0.0,0.0,0.0,0.0,0.0,0.0,0.0,0.0,0.0,0.0,0.0,0.0,1.14,0.0,0.0,0.0
2020-03-05,2.0,0.0,0.0,2.0,0.0,0.0,2.0,0.0,0.0,0.0,1.0,0.3333333333333333,1.0,inf,1.0,inf,0.0,0.0,0.0,0.0,2.28,0.0,0.0,0.0
2020-03-06,2.0,0.0,0.0,2.0,0.0,0.0,2.0,0.0,0.0,0.0,0.0,0.3333333333333333,0.0,-1.0,0.0,-1.0,0.0,0.0,0.0,0.0,2.28,0.0,0.0,0.0
2020-03-07,2.0,0.0,0.0,2.0,0.0,0.0,2.0,0.0,0.0,0.0,0.0,0.3333333333333333,0.0,0.0,0.0,0.0,0.0,0.0,0.0,0.0,2.28,0.0,0.0,0.0
2020-03-08,2.0,0.0,0.0,2.0,0.0,0.0,2.0,0.0,0.0,0.0,0.0,0.0,0.0,0.0,0.0,0.0,0.0,0.0,0.0,0.0,2.28,0.0,0.0,0.0
2020-03-09,2.0,0.0,0.0,2.0,0.0,0.0,2.0,0.0,0.0,0.0,0.0,0.0,0.0,0.0,0.0,0.0,0.0,0.0,0.0,0.0,2.28,0.0,0.0,0.0
2020-03-10,3.0,1.0,0.0,3.0,1.0,0.0,2.0,0.333,inf,0.0,0.5,0.16666666666666666,0.0,0.0,1.0,inf,1.0,inf,0.0,0.0,2.28,100.0,180.0,350.0
2020-03-11,5.0,1.0,0.0,5.0,1.0,0.0,4.0,0.2,0.0,0.0,0.667,0.389,2.0,inf,2.0,1.0,0.0,-1.0,0.0,0.0,4.56,100.0,180.0,350.0
2020-03-12,6.0,1.0,0.0,6.0,1.0,0.0,5.0,0.167,0.0,0.0,0.2,0.45566666666666666,1.0,-0.5,1.0,-0.5,0.0,0.0,0.0,0.0,5.699999999999999,100.0,180.0,350.0
2020-03-13,7.0,1.0,1.0,7.0,1.0,1.0,5.0,0.143,0.0,inf,0.167,0.3446666666666667,0.0,-1.0,1.0,0.0,0.0,0.0,1.0,inf,5.699999999999999,100.0,180.0,350.0
2020-03-14,17.0,1.0,1.0,17.0,1.0,1.0,15.0,0.059,0.0,0.0,1.429,0.5986666666666667,10.0,inf,10.0,9.0,0.0,0.0,0.0,-1.0,17.099999999999998,100.0,180.0,350.0
2020-03-15,28.0,1.0,1.0,28.0,1.0,1.0,26.0,0.036,0.0,0.0,0.647,0.7476666666666666,11.0,0.10000000000000009,11.0,0.10000000000000009,0.0,0.0,0.0,0.0,29.639999999999997,100.0,180.0,350.0
2020-03-16,29.0,1.0,1.0,29.0,1.0,1.0,27.0,0.034,0.0,0.0,0.036,0.7040000000000001,1.0,-0.9090909090909091,1.0,-0.9090909090909091,0.0,0.0,0.0,0.0,30.779999999999998,100.0,180.0,350.0
2020-03-17,38.0,2.0,1.0,38.0,2.0,1.0,35.0,0.053,1.0,0.0,0.31,0.331,8.0,7.0,9.0,8.0,1.0,inf,0.0,0.0,39.9,200.0,360.0,700.0
2020-03-18,49.0,2.0,1.0,49.0,2.0,1.0,46.0,0.041,0.0,0.0,0.289,0.21166666666666667,11.0,0.375,11.0,0.22222222222222232,0.0,-1.0,0.0,0.0,52.44,200.0,360.0,700.0
2020-03-19,63.0,2.0,1.0,63.0,2.0,1.0,60.0,0.032,0.0,0.0,0.286,0.295,14.0,0.2727272727272727,14.0,0.2727272727272727,0.0,0.0,0.0,0.0,68.39999999999999,200.0,360.0,700.0
2020-03-20,77.0,3.0,1.0,77.0,3.0,1.0,73.0,0.039,0.5,0.0,0.222,0.26566666666666666,13.0,-0.0714285714285714,14.0,0.0,1.0,inf,0.0,0.0,83.22,300.0,540.0,1050.0
2020-03-21,96.0,3.0,3.0,96.0,3.0,3.0,90.0,0.031,0.0,2.0,0.247,0.2516666666666667,17.0,0.3076923076923077,19.0,0.3571428571428572,0.0,-1.0,2.0,inf,102.6,300.0,540.0,1050.0
2020-03-22,115.0,4.0,3.0,115.0,4.0,3.0,108.0,0.035,0.333,0.0,0.198,0.22233333333333336,18.0,0.05882352941176472,19.0,0.0,1.0,inf,0.0,-1.0,123.11999999999999,400.0,720.0,1400.0
2020-03-23,143.0,4.0,3.0,143.0,4.0,3.0,136.0,0.028,0.0,0.0,0.243,0.22933333333333336,28.0,0.5555555555555556,28.0,0.4736842105263157,0.0,-1.0,0.0,0.0,155.04,400.0,720.0,1400.0
2020-03-24,170.0,5.0,6.0,170.0,5.0,6.0,159.0,0.029,0.25,1.0,0.189,0.21,23.0,-0.1785714285714286,27.0,-0.0357142857142857,1.0,inf,3.0,inf,181.26,500.0,900.0,1750.0
2020-03-25,225.0,6.0,0.0,225.0,6.0,0.0,219.0,0.027,0.2,-1.0,0.324,0.252,60.0,1.608695652173913,55.0,1.0370370370370372,1.0,0.0,-6.0,-3.0,249.65999999999997,600.0,1080.0,2100.0
