﻿Date,Confirmed,Death,Recovered,Total Confirmed,Total Deaths,Total Recovered,Active Cases,Death Rate,Death Change Rate,Recovery Change Rate,Confirmed Change Rate,Confirmed Rolling 3 Change Rate,New Active Cases,New Active Cases PCT Change,New Cases,New Case PCT Change,New Deaths,New Death PCT Change,New Recovered,New Recovered PCT Change,Likely Cases C86,Likely Cases 1pct,Likely Cases 1.8pct,Likely Cases 3.5pct
2020-01-26,1.0,0.0,0,1.0,0.0,0.0,1.0,0.0,0.0,0.0,0.0,0.0,,0.0,,0.0,,0.0,,0.0,1.14,0.0,0.0,0.0
2020-01-27,1.0,0.0,0,1.0,0.0,0.0,1.0,0.0,0.0,0.0,0.0,0.0,0.0,0.0,0.0,0.0,0.0,0.0,0.0,0.0,1.14,0.0,0.0,0.0
2020-01-28,2.0,0.0,0,2.0,0.0,0.0,2.0,0.0,0.0,0.0,1.0,0.3333333333333333,1.0,inf,1.0,inf,0.0,0.0,0.0,0.0,2.28,0.0,0.0,0.0
2020-01-29,2.0,0.0,0,2.0,0.0,0.0,2.0,0.0,0.0,0.0,0.0,0.3333333333333333,0.0,-1.0,0.0,-1.0,0.0,0.0,0.0,0.0,2.28,0.0,0.0,0.0
2020-01-30,2.0,0.0,0,2.0,0.0,0.0,2.0,0.0,0.0,0.0,0.0,0.3333333333333333,0.0,0.0,0.0,0.0,0.0,0.0,0.0,0.0,2.28,0.0,0.0,0.0
2020-01-31,4.0,0.0,0,4.0,0.0,0.0,4.0,0.0,0.0,0.0,1.0,0.3333333333333333,2.0,inf,2.0,inf,0.0,0.0,0.0,0.0,4.56,0.0,0.0,0.0
2020-02-01,4.0,0.0,0,4.0,0.0,0.0,4.0,0.0,0.0,0.0,0.0,0.3333333333333333,0.0,-1.0,0.0,-1.0,0.0,0.0,0.0,0.0,4.56,0.0,0.0,0.0
2020-02-02,4.0,0.0,0,4.0,0.0,0.0,4.0,0.0,0.0,0.0,0.0,0.3333333333333333,0.0,0.0,0.0,0.0,0.0,0.0,0.0,0.0,4.56,0.0,0.0,0.0
2020-02-03,4.0,0.0,0,4.0,0.0,0.0,4.0,0.0,0.0,0.0,0.0,0.0,0.0,0.0,0.0,0.0,0.0,0.0,0.0,0.0,4.56,0.0,0.0,0.0
2020-02-04,4.0,0.0,0,4.0,0.0,0.0,4.0,0.0,0.0,0.0,0.0,0.0,0.0,0.0,0.0,0.0,0.0,0.0,0.0,0.0,4.56,0.0,0.0,0.0
2020-02-05,5.0,0.0,0,5.0,0.0,0.0,5.0,0.0,0.0,0.0,0.25,0.08333333333333333,1.0,inf,1.0,inf,0.0,0.0,0.0,0.0,5.699999999999999,0.0,0.0,0.0
2020-02-06,5.0,0.0,0,5.0,0.0,0.0,5.0,0.0,0.0,0.0,0.0,0.08333333333333333,0.0,-1.0,0.0,-1.0,0.0,0.0,0.0,0.0,5.699999999999999,0.0,0.0,0.0
2020-02-07,7.0,0.0,0,7.0,0.0,0.0,7.0,0.0,0.0,0.0,0.4,0.21666666666666667,2.0,inf,2.0,inf,0.0,0.0,0.0,0.0,7.9799999999999995,0.0,0.0,0.0
2020-02-08,7.0,0.0,0,7.0,0.0,0.0,7.0,0.0,0.0,0.0,0.0,0.13333333333333333,0.0,-1.0,0.0,-1.0,0.0,0.0,0.0,0.0,7.9799999999999995,0.0,0.0,0.0
2020-02-09,7.0,0.0,0,7.0,0.0,0.0,7.0,0.0,0.0,0.0,0.0,0.13333333333333333,0.0,0.0,0.0,0.0,0.0,0.0,0.0,0.0,7.9799999999999995,0.0,0.0,0.0
2020-02-10,7.0,0.0,0,7.0,0.0,0.0,7.0,0.0,0.0,0.0,0.0,0.0,0.0,0.0,0.0,0.0,0.0,0.0,0.0,0.0,7.9799999999999995,0.0,0.0,0.0
2020-02-11,7.0,0.0,0,7.0,0.0,0.0,7.0,0.0,0.0,0.0,0.0,0.0,0.0,0.0,0.0,0.0,0.0,0.0,0.0,0.0,7.9799999999999995,0.0,0.0,0.0
2020-02-12,7.0,0.0,0,7.0,0.0,0.0,7.0,0.0,0.0,0.0,0.0,0.0,0.0,0.0,0.0,0.0,0.0,0.0,0.0,0.0,7.9799999999999995,0.0,0.0,0.0
2020-02-13,7.0,0.0,0,7.0,0.0,0.0,7.0,0.0,0.0,0.0,0.0,0.0,0.0,0.0,0.0,0.0,0.0,0.0,0.0,0.0,7.9799999999999995,0.0,0.0,0.0
2020-02-14,7.0,0.0,0,7.0,0.0,0.0,7.0,0.0,0.0,0.0,0.0,0.0,0.0,0.0,0.0,0.0,0.0,0.0,0.0,0.0,7.9799999999999995,0.0,0.0,0.0
2020-02-15,7.0,0.0,0,7.0,0.0,0.0,7.0,0.0,0.0,0.0,0.0,0.0,0.0,0.0,0.0,0.0,0.0,0.0,0.0,0.0,7.9799999999999995,0.0,0.0,0.0
2020-02-16,7.0,0.0,0,7.0,0.0,0.0,7.0,0.0,0.0,0.0,0.0,0.0,0.0,0.0,0.0,0.0,0.0,0.0,0.0,0.0,7.9799999999999995,0.0,0.0,0.0
2020-02-17,8.0,0.0,0,8.0,0.0,0.0,8.0,0.0,0.0,0.0,0.143,0.04766666666666666,1.0,inf,1.0,inf,0.0,0.0,0.0,0.0,9.12,0.0,0.0,0.0
2020-02-18,8.0,0.0,0,8.0,0.0,0.0,8.0,0.0,0.0,0.0,0.0,0.04766666666666666,0.0,-1.0,0.0,-1.0,0.0,0.0,0.0,0.0,9.12,0.0,0.0,0.0
2020-02-19,8.0,0.0,0,8.0,0.0,0.0,8.0,0.0,0.0,0.0,0.0,0.04766666666666666,0.0,0.0,0.0,0.0,0.0,0.0,0.0,0.0,9.12,0.0,0.0,0.0
2020-02-20,8.0,0.0,0,8.0,0.0,0.0,8.0,0.0,0.0,0.0,0.0,0.0,0.0,0.0,0.0,0.0,0.0,0.0,0.0,0.0,9.12,0.0,0.0,0.0
2020-02-21,9.0,0.0,0,9.0,0.0,0.0,9.0,0.0,0.0,0.0,0.125,0.041666666666666664,1.0,inf,1.0,inf,0.0,0.0,0.0,0.0,10.26,0.0,0.0,0.0
2020-02-22,9.0,0.0,0,9.0,0.0,0.0,9.0,0.0,0.0,0.0,0.0,0.041666666666666664,0.0,-1.0,0.0,-1.0,0.0,0.0,0.0,0.0,10.26,0.0,0.0,0.0
2020-02-23,9.0,0.0,0,9.0,0.0,0.0,9.0,0.0,0.0,0.0,0.0,0.041666666666666664,0.0,0.0,0.0,0.0,0.0,0.0,0.0,0.0,10.26,0.0,0.0,0.0
2020-02-24,10.0,0.0,0,10.0,0.0,0.0,10.0,0.0,0.0,0.0,0.111,0.037,1.0,inf,1.0,inf,0.0,0.0,0.0,0.0,11.399999999999999,0.0,0.0,0.0
2020-02-25,11.0,0.0,0,11.0,0.0,0.0,11.0,0.0,0.0,0.0,0.1,0.07033333333333333,1.0,0.0,1.0,0.0,0.0,0.0,0.0,0.0,12.54,0.0,0.0,0.0
2020-02-26,11.0,0.0,0,11.0,0.0,0.0,11.0,0.0,0.0,0.0,0.0,0.07033333333333333,0.0,-1.0,0.0,-1.0,0.0,0.0,0.0,0.0,12.54,0.0,0.0,0.0
2020-02-27,13.0,0.0,0,13.0,0.0,0.0,13.0,0.0,0.0,0.0,0.182,0.09400000000000001,2.0,inf,2.0,inf,0.0,0.0,0.0,0.0,14.819999999999999,0.0,0.0,0.0
2020-02-28,14.0,0.0,0,14.0,0.0,0.0,14.0,0.0,0.0,0.0,0.077,0.08633333333333333,1.0,-0.5,1.0,-0.5,0.0,0.0,0.0,0.0,15.959999999999999,0.0,0.0,0.0
2020-02-29,20.0,0.0,0,20.0,0.0,0.0,20.0,0.0,0.0,0.0,0.429,0.2293333333333333,6.0,5.0,6.0,5.0,0.0,0.0,0.0,0.0,22.799999999999997,0.0,0.0,0.0
2020-03-01,24.0,0.0,0,24.0,0.0,0.0,24.0,0.0,0.0,0.0,0.2,0.2353333333333333,4.0,-0.33333333333333337,4.0,-0.33333333333333337,0.0,0.0,0.0,0.0,27.36,0.0,0.0,0.0
2020-03-02,27.0,0.0,0,27.0,0.0,0.0,27.0,0.0,0.0,0.0,0.125,0.25133333333333335,3.0,-0.25,3.0,-0.25,0.0,0.0,0.0,0.0,30.779999999999998,0.0,0.0,0.0
2020-03-03,30.0,0.0,0,30.0,0.0,0.0,30.0,0.0,0.0,0.0,0.111,0.14533333333333334,3.0,0.0,3.0,0.0,0.0,0.0,0.0,0.0,34.199999999999996,0.0,0.0,0.0
2020-03-04,33.0,0.0,0,33.0,0.0,0.0,33.0,0.0,0.0,0.0,0.1,0.112,3.0,0.0,3.0,0.0,0.0,0.0,0.0,0.0,37.62,0.0,0.0,0.0
2020-03-05,37.0,0.0,0,37.0,0.0,0.0,37.0,0.0,0.0,0.0,0.121,0.11066666666666668,4.0,0.33333333333333326,4.0,0.33333333333333326,0.0,0.0,0.0,0.0,42.18,0.0,0.0,0.0
2020-03-06,49.0,0.0,0,49.0,0.0,0.0,49.0,0.0,0.0,0.0,0.324,0.18166666666666667,12.0,2.0,12.0,2.0,0.0,0.0,0.0,0.0,55.85999999999999,0.0,0.0,0.0
2020-03-07,54.0,0.0,0,54.0,0.0,0.0,54.0,0.0,0.0,0.0,0.102,0.18233333333333335,5.0,-0.5833333333333333,5.0,-0.5833333333333333,0.0,0.0,0.0,0.0,61.559999999999995,0.0,0.0,0.0
2020-03-08,64.0,0.0,0,64.0,0.0,0.0,64.0,0.0,0.0,0.0,0.185,0.20366666666666666,10.0,1.0,10.0,1.0,0.0,0.0,0.0,0.0,72.96,0.0,0.0,0.0
2020-03-09,77.0,1.0,0,77.0,1.0,0.0,76.0,0.013,inf,0.0,0.203,0.16333333333333336,12.0,0.19999999999999996,13.0,0.30000000000000004,1.0,inf,0.0,0.0,86.63999999999999,100.0,180.0,350.0
2020-03-10,79.0,1.0,0,79.0,1.0,0.0,78.0,0.013,0.0,0.0,0.026,0.138,2.0,-0.8333333333333334,2.0,-0.8461538461538461,0.0,-1.0,0.0,0.0,88.91999999999999,100.0,180.0,350.0
2020-03-11,108.0,1.0,0,108.0,1.0,0.0,107.0,0.009,0.0,0.0,0.367,0.19866666666666669,29.0,13.5,29.0,13.5,0.0,0.0,0.0,0.0,121.97999999999999,100.0,180.0,350.0
2020-03-12,117.0,1.0,0,117.0,1.0,0.0,116.0,0.009,0.0,0.0,0.083,0.15866666666666668,9.0,-0.6896551724137931,9.0,-0.6896551724137931,0.0,0.0,0.0,0.0,132.23999999999998,100.0,180.0,350.0
2020-03-13,193.0,1.0,0,193.0,1.0,0.0,192.0,0.005,0.0,0.0,0.65,0.3666666666666667,76.0,7.444444444444445,76.0,7.444444444444445,0.0,0.0,0.0,0.0,218.88,100.0,180.0,350.0
2020-03-14,198.0,1.0,0,198.0,1.0,0.0,197.0,0.005,0.0,0.0,0.026,0.25300000000000006,5.0,-0.9342105263157895,5.0,-0.9342105263157895,0.0,0.0,0.0,0.0,224.57999999999998,100.0,180.0,350.0
2020-03-15,252.0,1.0,0,252.0,1.0,0.0,251.0,0.004,0.0,0.0,0.273,0.31633333333333336,54.0,9.8,54.0,9.8,0.0,0.0,0.0,0.0,286.14,100.0,180.0,350.0
2020-03-16,415.0,4.0,0,415.0,4.0,0.0,411.0,0.01,3.0,0.0,0.647,0.31533333333333335,160.0,1.9629629629629628,163.0,2.0185185185185186,3.0,inf,0.0,0.0,468.53999999999996,400.0,720.0,1400.0
2020-03-17,478.0,5.0,0,478.0,5.0,0.0,473.0,0.01,0.25,0.0,0.152,0.35733333333333334,62.0,-0.6125,63.0,-0.6134969325153374,1.0,-0.6666666666666667,0.0,0.0,539.2199999999999,500.0,900.0,1750.0
2020-03-18,657.0,8.0,0,657.0,8.0,0.0,649.0,0.012,0.6,0.0,0.374,0.391,176.0,1.838709677419355,179.0,1.8412698412698414,3.0,2.0,0.0,0.0,739.8599999999999,800.0,1440.0,2800.0
2020-03-19,800.0,9.0,0,800.0,9.0,0.0,791.0,0.011,0.125,0.0,0.218,0.248,142.0,-0.19318181818181823,143.0,-0.2011173184357542,1.0,-0.6666666666666667,0.0,0.0,901.7399999999999,900.0,1620.0,3150.0
2020-03-20,943.0,12.0,0,943.0,12.0,0.0,931.0,0.013,0.333,0.0,0.179,0.257,140.0,-0.014084507042253502,143.0,0.0,3.0,2.0,0.0,0.0,1061.34,1200.0,2160.0,4200.0
2020-03-21,1277.0,19.0,0,1277.0,19.0,0.0,1258.0,0.015,0.583,0.0,0.354,0.25033333333333335,327.0,1.3357142857142859,334.0,1.3356643356643358,7.0,1.3333333333333335,0.0,0.0,1434.12,1900.0,3420.0,6650.0
2020-03-22,1469.0,21.0,0,1469.0,21.0,0.0,1448.0,0.014,0.105,0.0,0.15,0.22766666666666668,190.0,-0.41896024464831805,192.0,-0.4251497005988024,2.0,-0.7142857142857143,0.0,0.0,1650.7199999999998,2100.0,3780.0,7350.0
2020-03-23,2088.0,25.0,0,2088.0,25.0,0.0,2063.0,0.012,0.19,0.0,0.421,0.30833333333333335,615.0,2.236842105263158,619.0,2.2239583333333335,4.0,1.0,0.0,0.0,2351.8199999999997,2500.0,4500.0,8750.0
2020-03-24,2790.0,26.0,0,2790.0,26.0,0.0,2764.0,0.009,0.04,0.0,0.336,0.3023333333333334,701.0,0.1398373983739838,702.0,0.1340872374798061,1.0,-0.75,0.0,0.0,3150.9599999999996,2600.0,4680.0,9100.0
2020-03-25,3251.0,30.0,0,3251.0,30.0,0.0,3221.0,0.009,0.154,0.0,0.165,0.30733333333333335,457.0,-0.34807417974322397,461.0,-0.34330484330484334,4.0,3.0,0.0,0.0,3671.9399999999996,3000.0,5400.0,10500.0
