﻿Date,Confirmed,Death,Recovered,Total Confirmed,Total Deaths,Total Recovered,Active Cases,Death Rate,Death Change Rate,Recovery Change Rate,Confirmed Change Rate,Confirmed Rolling 3 Change Rate,New Active Cases,New Active Cases PCT Change,New Cases,New Case PCT Change,New Deaths,New Death PCT Change,New Recovered,New Recovered PCT Change,Likely Cases C86,Likely Cases 1pct,Likely Cases 1.8pct,Likely Cases 3.5pct
2020-01-22,2.0,0.0,0.0,2.0,0.0,0.0,2.0,0.0,0.0,0.0,0.0,0.0,,0.0,,0.0,,0.0,,0.0,2.28,0.0,0.0,0.0
2020-01-23,2.0,0.0,0.0,2.0,0.0,0.0,2.0,0.0,0.0,0.0,0.0,0.0,0.0,0.0,0.0,0.0,0.0,0.0,0.0,0.0,2.28,0.0,0.0,0.0
2020-01-24,2.0,0.0,0.0,2.0,0.0,0.0,2.0,0.0,0.0,0.0,0.0,0.0,0.0,0.0,0.0,0.0,0.0,0.0,0.0,0.0,2.28,0.0,0.0,0.0
2020-01-25,2.0,0.0,0.0,2.0,0.0,0.0,2.0,0.0,0.0,0.0,0.0,0.0,0.0,0.0,0.0,0.0,0.0,0.0,0.0,0.0,2.28,0.0,0.0,0.0
2020-01-26,4.0,0.0,1.0,4.0,0.0,1.0,3.0,0.0,0.0,inf,1.0,0.3333333333333333,1.0,inf,2.0,inf,0.0,0.0,1.0,inf,3.42,0.0,0.0,0.0
2020-01-27,4.0,0.0,1.0,4.0,0.0,1.0,3.0,0.0,0.0,0.0,0.0,0.3333333333333333,0.0,-1.0,0.0,-1.0,0.0,0.0,0.0,-1.0,3.42,0.0,0.0,0.0
2020-01-28,7.0,0.0,1.0,7.0,0.0,1.0,6.0,0.0,0.0,0.0,0.75,0.5833333333333334,3.0,inf,3.0,inf,0.0,0.0,0.0,0.0,6.84,0.0,0.0,0.0
2020-01-29,7.0,0.0,1.0,7.0,0.0,1.0,6.0,0.0,0.0,0.0,0.0,0.25,0.0,-1.0,0.0,-1.0,0.0,0.0,0.0,0.0,6.84,0.0,0.0,0.0
2020-01-30,11.0,0.0,1.0,11.0,0.0,1.0,10.0,0.0,0.0,0.0,0.571,0.4403333333333333,4.0,inf,4.0,inf,0.0,0.0,0.0,0.0,11.399999999999999,0.0,0.0,0.0
2020-01-31,15.0,0.0,1.0,15.0,0.0,1.0,14.0,0.0,0.0,0.0,0.364,0.3116666666666667,4.0,0.0,4.0,0.0,0.0,0.0,0.0,0.0,15.959999999999999,0.0,0.0,0.0
2020-02-01,20.0,0.0,1.0,20.0,0.0,1.0,19.0,0.0,0.0,0.0,0.333,0.4226666666666667,5.0,0.25,5.0,0.25,0.0,0.0,0.0,0.0,21.659999999999997,0.0,0.0,0.0
2020-02-02,20.0,0.0,1.0,20.0,0.0,1.0,19.0,0.0,0.0,0.0,0.0,0.23233333333333336,0.0,-1.0,0.0,-1.0,0.0,0.0,0.0,0.0,21.659999999999997,0.0,0.0,0.0
2020-02-03,20.0,0.0,1.0,20.0,0.0,1.0,19.0,0.0,0.0,0.0,0.0,0.11100000000000003,0.0,0.0,0.0,0.0,0.0,0.0,0.0,0.0,21.659999999999997,0.0,0.0,0.0
2020-02-04,22.0,0.0,1.0,22.0,0.0,1.0,21.0,0.0,0.0,0.0,0.1,0.03333333333333335,2.0,inf,2.0,inf,0.0,0.0,0.0,0.0,23.939999999999998,0.0,0.0,0.0
2020-02-05,22.0,0.0,1.0,22.0,0.0,1.0,21.0,0.0,0.0,0.0,0.0,0.03333333333333335,0.0,-1.0,0.0,-1.0,0.0,0.0,0.0,0.0,23.939999999999998,0.0,0.0,0.0
2020-02-06,22.0,0.0,1.0,22.0,0.0,1.0,21.0,0.0,0.0,0.0,0.0,0.03333333333333335,0.0,0.0,0.0,0.0,0.0,0.0,0.0,0.0,23.939999999999998,0.0,0.0,0.0
2020-02-07,25.0,0.0,1.0,25.0,0.0,1.0,24.0,0.0,0.0,0.0,0.136,0.045333333333333344,3.0,inf,3.0,inf,0.0,0.0,0.0,0.0,27.36,0.0,0.0,0.0
2020-02-08,25.0,0.0,1.0,25.0,0.0,1.0,24.0,0.0,0.0,0.0,0.0,0.045333333333333344,0.0,-1.0,0.0,-1.0,0.0,0.0,0.0,0.0,27.36,0.0,0.0,0.0
2020-02-09,26.0,0.0,1.0,26.0,0.0,1.0,25.0,0.0,0.0,0.0,0.04,0.05866666666666668,1.0,inf,1.0,inf,0.0,0.0,0.0,0.0,28.499999999999996,0.0,0.0,0.0
2020-02-10,26.0,0.0,4.0,26.0,0.0,4.0,22.0,0.0,0.0,3.0,0.0,0.013333333333333345,-3.0,-4.0,0.0,-1.0,0.0,0.0,3.0,inf,25.08,0.0,0.0,0.0
2020-02-11,26.0,0.0,9.0,26.0,0.0,9.0,17.0,0.0,0.0,1.25,0.0,0.013333333333333345,-5.0,0.6666666666666667,0.0,0.0,0.0,0.0,5.0,0.6666666666666667,19.38,0.0,0.0,0.0
2020-02-12,28.0,0.0,9.0,28.0,0.0,9.0,19.0,0.0,0.0,0.0,0.077,0.02566666666666668,2.0,-1.4,2.0,inf,0.0,0.0,0.0,-1.0,21.659999999999997,0.0,0.0,0.0
2020-02-13,28.0,1.0,9.0,28.0,1.0,9.0,18.0,0.036,inf,0.0,0.0,0.02566666666666668,-1.0,-1.5,0.0,-1.0,1.0,inf,0.0,0.0,20.52,100.0,180.0,350.0
2020-02-14,29.0,1.0,9.0,29.0,1.0,9.0,19.0,0.034,0.0,0.0,0.036,0.03766666666666668,1.0,-2.0,1.0,inf,0.0,-1.0,0.0,0.0,21.659999999999997,100.0,180.0,350.0
2020-02-15,43.0,1.0,12.0,43.0,1.0,12.0,30.0,0.023,0.0,0.333,0.483,0.17300000000000004,11.0,10.0,14.0,13.0,0.0,0.0,3.0,inf,34.199999999999996,100.0,180.0,350.0
2020-02-16,59.0,1.0,12.0,59.0,1.0,12.0,46.0,0.017,0.0,0.0,0.372,0.29700000000000004,16.0,0.4545454545454546,16.0,0.1428571428571428,0.0,0.0,0.0,-1.0,52.44,100.0,180.0,350.0
2020-02-17,66.0,1.0,12.0,66.0,1.0,12.0,53.0,0.015,0.0,0.0,0.119,0.3246666666666667,7.0,-0.5625,7.0,-0.5625,0.0,0.0,0.0,0.0,60.419999999999995,100.0,180.0,350.0
2020-02-18,74.0,1.0,13.0,74.0,1.0,13.0,60.0,0.014,0.0,0.083,0.121,0.20400000000000007,7.0,0.0,8.0,0.1428571428571428,0.0,0.0,1.0,inf,68.39999999999999,100.0,180.0,350.0
2020-02-19,84.0,1.0,18.0,84.0,1.0,18.0,65.0,0.012,0.0,0.385,0.135,0.12500000000000008,5.0,-0.2857142857142857,10.0,0.25,0.0,0.0,5.0,4.0,74.1,100.0,180.0,350.0
2020-02-20,94.0,1.0,18.0,94.0,1.0,18.0,75.0,0.011,0.0,0.0,0.119,0.12500000000000008,10.0,1.0,10.0,0.0,0.0,0.0,0.0,-1.0,85.49999999999999,100.0,180.0,350.0
2020-02-21,105.0,1.0,22.0,105.0,1.0,22.0,82.0,0.01,0.0,0.222,0.117,0.12366666666666674,7.0,-0.30000000000000004,11.0,0.10000000000000009,0.0,0.0,4.0,inf,93.47999999999999,100.0,180.0,350.0
2020-02-22,122.0,1.0,22.0,122.0,1.0,22.0,99.0,0.008,0.0,0.0,0.162,0.13266666666666674,17.0,1.4285714285714284,17.0,0.5454545454545454,0.0,0.0,0.0,-1.0,112.85999999999999,100.0,180.0,350.0
2020-02-23,147.0,1.0,22.0,147.0,1.0,22.0,124.0,0.007,0.0,0.0,0.205,0.1613333333333334,25.0,0.47058823529411775,25.0,0.47058823529411775,0.0,0.0,0.0,0.0,141.35999999999999,100.0,180.0,350.0
2020-02-24,159.0,1.0,22.0,159.0,1.0,22.0,136.0,0.006,0.0,0.0,0.082,0.14966666666666673,12.0,-0.52,12.0,-0.52,0.0,0.0,0.0,0.0,155.04,100.0,180.0,350.0
2020-02-25,170.0,1.0,22.0,170.0,1.0,22.0,147.0,0.006,0.0,0.0,0.069,0.11866666666666674,11.0,-0.08333333333333337,11.0,-0.08333333333333337,0.0,0.0,0.0,0.0,167.57999999999998,100.0,180.0,350.0
2020-02-26,189.0,2.0,22.0,189.0,2.0,22.0,165.0,0.011,1.0,0.0,0.112,0.08766666666666674,18.0,0.6363636363636365,19.0,0.7272727272727273,1.0,inf,0.0,0.0,188.1,200.0,360.0,700.0
2020-02-27,214.0,4.0,22.0,214.0,4.0,22.0,188.0,0.019,1.0,0.0,0.132,0.1043333333333334,23.0,0.2777777777777777,25.0,0.3157894736842106,2.0,1.0,0.0,0.0,214.32,400.0,720.0,1400.0
2020-02-28,228.0,4.0,22.0,228.0,4.0,22.0,202.0,0.018,0.0,0.0,0.065,0.10300000000000008,14.0,-0.3913043478260869,14.0,-0.43999999999999995,0.0,-1.0,0.0,0.0,230.27999999999997,400.0,720.0,1400.0
2020-02-29,241.0,5.0,32.0,241.0,5.0,32.0,204.0,0.021,0.25,0.455,0.057,0.08466666666666674,2.0,-0.8571428571428572,13.0,-0.0714285714285714,1.0,inf,10.0,inf,232.55999999999997,500.0,900.0,1750.0
2020-03-01,256.0,6.0,32.0,256.0,6.0,32.0,218.0,0.023,0.2,0.0,0.062,0.061333333333333406,14.0,6.0,15.0,0.15384615384615374,1.0,0.0,0.0,-1.0,248.51999999999998,600.0,1080.0,2100.0
2020-03-02,274.0,6.0,32.0,274.0,6.0,32.0,236.0,0.022,0.0,0.0,0.07,0.06300000000000007,18.0,0.2857142857142858,18.0,0.19999999999999996,0.0,-1.0,0.0,0.0,269.03999999999996,600.0,1080.0,2100.0
2020-03-03,293.0,6.0,43.0,293.0,6.0,43.0,244.0,0.02,0.0,0.344,0.069,0.06700000000000007,8.0,-0.5555555555555556,19.0,0.05555555555555558,0.0,0.0,11.0,inf,278.15999999999997,600.0,1080.0,2100.0
2020-03-04,331.0,6.0,43.0,331.0,6.0,43.0,282.0,0.018,0.0,0.0,0.13,0.08966666666666674,38.0,3.75,38.0,1.0,0.0,0.0,0.0,-1.0,321.47999999999996,600.0,1080.0,2100.0
2020-03-05,360.0,6.0,43.0,360.0,6.0,43.0,311.0,0.017,0.0,0.0,0.088,0.09566666666666673,29.0,-0.23684210526315785,29.0,-0.23684210526315785,0.0,0.0,0.0,0.0,354.53999999999996,600.0,1080.0,2100.0
2020-03-06,420.0,6.0,46.0,420.0,6.0,46.0,368.0,0.014,0.0,0.07,0.167,0.12833333333333338,57.0,0.9655172413793103,60.0,1.0689655172413794,0.0,0.0,3.0,inf,419.52,600.0,1080.0,2100.0
2020-03-07,461.0,6.0,76.0,461.0,6.0,76.0,379.0,0.013,0.0,0.652,0.098,0.11766666666666674,11.0,-0.8070175438596492,41.0,-0.31666666666666665,0.0,0.0,30.0,9.0,432.05999999999995,600.0,1080.0,2100.0
2020-03-08,502.0,6.0,76.0,502.0,6.0,76.0,420.0,0.012,0.0,0.0,0.089,0.11800000000000006,41.0,2.727272727272727,41.0,0.0,0.0,0.0,0.0,-1.0,478.79999999999995,600.0,1080.0,2100.0
2020-03-09,511.0,10.0,76.0,511.0,10.0,76.0,425.0,0.02,0.667,0.0,0.018,0.0683333333333334,5.0,-0.8780487804878049,9.0,-0.7804878048780488,4.0,inf,0.0,0.0,484.49999999999994,1000.0,1800.0,3500.0
2020-03-10,581.0,10.0,101.0,581.0,10.0,101.0,470.0,0.017,0.0,0.329,0.137,0.0813333333333334,45.0,8.0,70.0,6.777777777777778,0.0,-1.0,25.0,inf,535.8,1000.0,1800.0,3500.0
2020-03-11,639.0,15.0,118.0,639.0,15.0,118.0,506.0,0.023,0.5,0.168,0.1,0.08500000000000008,36.0,-0.19999999999999996,58.0,-0.17142857142857137,5.0,inf,17.0,-0.31999999999999995,576.8399999999999,1500.0,2700.0,5250.0
2020-03-12,639.0,16.0,118.0,639.0,16.0,118.0,505.0,0.025,0.067,0.0,0.0,0.07900000000000008,-1.0,-1.0277777777777777,0.0,-1.0,1.0,-0.8,0.0,-1.0,575.6999999999999,1600.0,2880.0,5600.0
2020-03-13,701.0,19.0,118.0,701.0,19.0,118.0,564.0,0.027,0.188,0.0,0.097,0.06566666666666675,59.0,-60.0,62.0,inf,3.0,2.0,0.0,0.0,642.9599999999999,1900.0,3420.0,6650.0
2020-03-14,773.0,22.0,118.0,773.0,22.0,118.0,633.0,0.028,0.158,0.0,0.103,0.06666666666666674,69.0,0.1694915254237288,72.0,0.16129032258064524,3.0,0.0,0.0,0.0,721.6199999999999,2200.0,3960.0,7700.0
2020-03-15,839.0,22.0,118.0,839.0,22.0,118.0,699.0,0.026,0.0,0.0,0.085,0.09500000000000007,66.0,-0.04347826086956519,66.0,-0.08333333333333337,0.0,-1.0,0.0,0.0,796.8599999999999,2200.0,3960.0,7700.0
2020-03-16,839.0,27.0,144.0,839.0,27.0,144.0,668.0,0.032,0.227,0.22,0.0,0.06266666666666673,-31.0,-1.4696969696969697,0.0,-1.0,5.0,inf,26.0,inf,761.52,2700.0,4860.0,9450.0
2020-03-17,878.0,29.0,144.0,878.0,29.0,144.0,705.0,0.033,0.074,0.0,0.046,0.04366666666666674,37.0,-2.193548387096774,39.0,inf,2.0,-0.6,0.0,-1.0,803.6999999999999,2900.0,5220.0,10150.0
2020-03-18,889.0,29.0,144.0,889.0,29.0,144.0,716.0,0.033,0.0,0.0,0.013,0.019666666666666745,11.0,-0.7027027027027026,11.0,-0.717948717948718,0.0,-1.0,0.0,0.0,816.2399999999999,2900.0,5220.0,10150.0
2020-03-19,924.0,29.0,150.0,924.0,29.0,150.0,745.0,0.031,0.0,0.042,0.039,0.03266666666666674,29.0,1.6363636363636362,35.0,2.1818181818181817,0.0,0.0,6.0,inf,849.3,2900.0,5220.0,10150.0
2020-03-20,963.0,33.0,191.0,963.0,33.0,191.0,739.0,0.034,0.138,0.273,0.042,0.031333333333333414,-6.0,-1.206896551724138,39.0,0.11428571428571432,4.0,inf,41.0,5.833333333333333,842.4599999999999,3300.0,5940.0,11550.0
2020-03-21,1007.0,35.0,232.0,1007.0,35.0,232.0,740.0,0.035,0.061,0.215,0.046,0.04233333333333341,1.0,-1.1666666666666667,44.0,0.1282051282051282,2.0,-0.5,41.0,0.0,843.5999999999999,3500.0,6300.0,12250.0
2020-03-22,1101.0,41.0,235.0,1101.0,41.0,235.0,825.0,0.037,0.171,0.013,0.093,0.060333333333333405,85.0,84.0,94.0,1.1363636363636362,6.0,2.0,3.0,-0.926829268292683,940.4999999999999,4100.0,7380.0,14350.0
2020-03-23,1128.0,42.0,235.0,1128.0,42.0,235.0,851.0,0.037,0.024,0.0,0.025,0.05466666666666673,26.0,-0.6941176470588235,27.0,-0.7127659574468085,1.0,-0.8333333333333334,0.0,-1.0,970.1399999999999,4200.0,7560.0,14700.0
2020-03-24,1193.0,43.0,285.0,1193.0,43.0,285.0,865.0,0.036,0.024,0.213,0.058,0.058666666666666735,14.0,-0.46153846153846156,65.0,1.4074074074074074,1.0,0.0,50.0,inf,986.0999999999999,4300.0,7740.0,15050.0
2020-03-25,1307.0,45.0,0.0,1307.0,45.0,0.0,1262.0,0.034,0.047,-1.0,0.096,0.05966666666666675,397.0,27.357142857142858,114.0,0.7538461538461538,2.0,1.0,-285.0,-6.7,1438.6799999999998,4500.0,8100.0,15750.0
